2.1929801973758565	0.32465686734984378	28.89340524372162	31.645146973683772	12.653247350931858	0.91903114735358682	57.848716633406582	126.29894247136893
0.4074886196798681	0.50015935379203003	0.83461415246890835	12.851210948166683	32.405893177318667	7.7234683140836005	9.9199914284402482	60.949084055250381
0.4589292163432161	0.49152076461884592	0.032811276470265292	2.1994447371302077	16.255766619128483	9.9641895830796958	196.74554562666955	12.424126892362551
3.2138726294971125	2.761095965980827	1.2291802001667202	0.096289427944076453	0.33449982890841196	29.218536687974428	24.515972685983993	63.102613344488297
0.1745157250452036	0.035465433899291132	95.015532094948938	3.8102163602309211	11.233405966730244	111.46335229333827	189.07707432859701	5.4907697729641418
0.067161566472852957	0.089045560828114351	2.6686600889104297	0.50071068537525709	3.1184257645823248	0.70337776814207531	45.503084567191081	146.86305432608467
0.061192314653498794	0.34453661353511367	0.15163974698732147	3.1225848112261683	0.29486347703654564	2.513460861156426	185.57314639713408	36.777979798044313
3.316979602460651	1.0257494179864908	3.4641407014008827	9.7181301861570102	5.2526599008489478	38.908069693031074	248.69430250834196	3.0664926451244514
15.123631010809749	6.6898056325644752	50.35958108883289	108.84028480462595	10.971501001270383	54.574014111828923	53.310220702878233	7.0492796342507429
1.019442124190608	4.7973672427579821	7.6918331204392789	3.6286129323956318	149.20835949599126	32.320072325314548	91.019651673690106	10.231100631613934
1.2311277325005638	0.31659758491217904	0.80845273514208194	5.4521281901698249	0.19176807847383739	120.92375545702872	52.825191684196142	96.543010544688727
0.12065879968601087	3.2911921351178601	12.322009135245175	72.063870955152439	11.924045965629738	16.643039439411286	74.65693589010867	9.1335588438345923
1.2344860635091295	0.31452639424415191	0.81305390291068003	3.0136470121573264	2.3163942796864507	54.310954242274903	28.552251576408572	112.28860345117219
0.6602372726661857	1.6347135209587671	4.4125207117821672	1.5801052199377787	1.0419550739088155	40.768251563579476	74.959704344614877	36.961077563066127
0.024584218681656823	0.048192545974365834	0.10365304638280366	1.6232401939064638	22.604784827866787	13.470391413154625	24.790587762310846	159.21296984052088
1.2557159245666114	0.021294954338463394	0.11896474235529847	1.6862385943881011	0.20676362845705101	29.351048095729595	43.973931118553089	77.907806482994928
0.00020949086242574329	0.00046174672560805728	0.00059222633346175621	0.013224795434069165	6.3777672536566419	73.299819809063877	9.0790522941603999	312.20503532855622
0.094227041655873839	0.016410728917773388	0.03583472339174533	0.041379337039868583	0.037091773409840649	1.9638935678705034	40.765361440440969	121.81373393146666
1.0259591332782121	1.0439752840409844	4.1643653433920713	0.32892053220035189	20.779570579910828	6.2129510549808904	22.01370288586573	146.09656170955591
0.0057942460619528225	0.0025399734063437929	0.0014213085267686186	0.0078561754916071386	0.015653684336996165	2.3937685703188043	3.8733019283706609	365.15891979058364
0.012484232490801899	0.20827366646640461	0.0030603367698819679	1.9919994784829109	0.70338457622518114	1.6623071063512433	6.3591890555227488	428.52853874021963
0.0033428164007628346	0.0023747129648571423	0.0048561059168410548	0.031546318783476315	0.0093888179949734273	3.7946739415787505	174.29975837993973	27.896511153240983
0.12010558578040011	0.038436779522032428	0.097750393599120342	0.40807039869752793	5.219851611400002	2.758508210300322	62.584482160237513	71.310320421029388
0.97096043495902751	0.49715281699707531	1.4048181283822601	0.10564276304748803	2.2718339901161251	16.986583568913378	119.29079380461575	51.628099073801813
0.52707649894358011	0.48701919715161096	2.2509744953410125	1.4832262340261595	4.4612705571616429	6.4856852074900404	137.96122239359354	74.51409549193923
0.001124326332506226	0.0073782896101238643	0.10122585011814314	0.020293428223832417	2.1058774056550065	0.41867955959319053	83.886420402367861	162.4153989050883
0.62119838388476423	0.099255263199527863	0.26267183047321929	1.0982282292775578	1.3787326663922779	65.809400694469801	5.4543400731074536	54.237381537234867
1.5591952909370723	0.53338573773752007	0.049645073845515385	3.7724760383117397	2.6766361833853125	2.7787667112902321	67.664344168414758	107.84272469985265
157.5082885594158	6.3502286139165003	8.3212187782723586	17.012691670524479	44.877370641957569	2.8869747556755776	36.024743428210158	120.67775389006256
0.22094218245606234	0.19699204912505758	0.011437326281856572	0.22996072566814632	0.59404745510711265	1.5876433040335993	211.31735294806842	41.823619040468216
0.0018837482321742596	0.00083379747593670015	0.0021681376446208728	0.0044406475553148148	2.9505044320998581	13.472586986735422	83.869138734477858	21.626864105291684
0.0045394918245533229	0.0025246104726509865	0.00041067995064867155	0.11862831604913625	0.5339120421928002	4.3379415972947424	89.789110827321295	80.821018854267081
1.3374227824031431	1.0453141614457799	5.3410547266872168	32.605318685734936	38.171546367782426	98.83142796639936	35.403888099974409	29.910667898214072
0.023130939845564996	0.0011784675305345983	0.049409927244483919	0.070686904568728906	0.92001821375642678	32.01312042472086	63.813327395385585	87.70035082018849
0.7392357925041938	0.14903193033246281	0.48013744648679774	95.653294519473079	10.988784959980418	3.0671241430225504	30.697216549525201	24.814977173003243
0.81139384200984044	0.62891086734993185	0.0039233419129080221	1.2508321067185231	13.385943441489815	0.096579213762028632	208.68131464969915	3.6909956624128415
1.6213973743720067	2.0331292348983383	3.5522893300282128	7.1135935402862476	43.93127438550178	9.3832699887485589	10.561800200673595	92.385795224523022
0.10563779706269991	0.085519617095133948	0.18842587344517861	0.025855892620635808	0.11101860709117944	175.53793615101236	39.52018629240618	152.79150747080377
0.0015122835996591638	0.0059867238830095069	0.051229386567811577	1.1419648990064699	0.83166799661970381	9.3328525987440845	78.649967337253159	97.712271648765636
0.008899003120124779	0.016330214777253754	0.28974205601793396	5.6464360434547043	2.242828739735395	22.663557731384753	23.593114777442093	35.483535828615246
0.0019544514951279602	0.0017425222630673616	0.0045893561694352013	0.029708683088645479	2.2002473167108447	1.9765437296131354	9.9790523923817886	293.47795559035904
0.08962514944197382	0.83016796354868561	17.477450286774154	3.9205608231851774	11.161074179358682	25.065916166854116	84.640857709384235	16.610739339951678
0.65979143837895593	3.8537714033663808	8.1399732623120347	0.3196259150560512	29.299383772534362	15.681259611052822	64.546275078634906	97.378754640394106
0.0018587620619642553	0.018254216869824119	0.15680215232559921	0.52821016641710872	4.683129175300901	19.139095854588685	2.8937027739740495	46.139848035361361
0.961922517777412	1.0902936645745562	0.067651681544016171	3.1419267019995418	7.2709317274304972	34.329329972722249	30.333238649335271	51.747007501301447
2.6068447829922867	0.45962582555467024	0.048160674612556527	2.1231854052388099	11.586412744303344	231.00211032315252	126.06891993378689	2.7665729242044823
6.2432724759956679	11.686780185650017	11.608651879568807	11.45391426224595	20.845499765324995	23.873955198196693	131.65757723442943	7.1049981254686729
0.041980900865493984	0.31839394021695899	0.041487544277063422	0.87244035002929088	0.47033314912236424	19.701288944795508	80.155303299323506	120.46871758293331
0.0081132402355009129	0.0096575853546808903	0.0036716534890473564	0.14916132662349585	5.3570904144802105	2.1593585414356524	73.027974552781146	265.17767950959933
0.18332886623598241	0.054175586496395423	0.13013170410768413	2.3523414998970376	2.580457600749158	9.9961206462615682	21.276836785575398	137.24708919659068
0.59065330405417382	0.240111394961501	0.18721310113029549	26.910511408858696	1.8537644771447994	8.772323035277152	38.873579752138305	52.194423713450355
0.13412835434421796	0.12615963853095671	0.16446598111247318	0.75309226908425475	23.264874279707499	7.0363591334124713	15.990336041594512	104.31755749462148
0.038835231542526924	0.02068758625247967	0.16644799620119965	0.18944384146954832	1.7844060520075542	14.832979764647293	30.863150699625994	132.84487602951134
6.9241279886144476	3.2824024811097954	3.8138179729565942	5.9550745384666808	98.74730793229665	2.0282390163122526	61.666847753410252	79.300539622852241
0.00091042658440928311	0.056600661521148801	0.30173452814110652	1.9662223382509312	15.447908650422706	8.9246755180216706	105.42155124246121	66.744203572390347
0.025558444416024687	0.17285712712860277	0.16349075399343993	0.6105128121851926	0.28666198696986472	0.52813179403090715	10.437442162622782	153.72883940177766
0.037720665669897811	0.015424798473787657	0.046191234993955513	0.00069946877244018426	1.2657450669301669	1.2396909269994947	218.39940725703488	146.06980822838813
0.18096128694494654	0.079618290176083364	0.07933469155668034	0.20766022501467285	1.1787427731406792	58.573964021117952	89.299995888087111	33.92012689787434
0.03425808827127777	0.02744846554589819	0.015404109206887274	0.22727817696241276	0.65602630590701227	3.7434464660104649	134.84963881796506	143.46585033339062
0.056437056272593607	0.0037844228617301486	0.26398641361714703	1.5292754967718389	1.4445157456478586	84.438364176743463	24.766904053968545	34.097983010554003
0.0033713369220518454	0.00015270564573080107	0.0051025852208805306	0.00089023824234750536	0.05573632308761816	0.010714157331030023	1.2499327620802043	175.64230830616327
0.0019887061827437253	0.36731358155535215	0.7450695809613006	9.8210927472970173	12.807418247945195	13.992663912548359	23.61646332870037	212.27874987056924
3.5037543216944091	4.7916745322911858	4.5572785803517508	4.444963048642129	69.136078853614791	33.44756770624695	75.059726703406994	29.398676513498643
0.032504856192281072	0.0043625992076319212	0.68288941312099027	4.8562073451885475	3.9357381960124496	35.112426933265361	0.19130018443599728	416.01595934865213
0.00069864419889770462	0.00017400333376428698	0.0024008321632098179	0.0090662922990116992	0.016376594053507144	0.08994287752465005	9.721617189672136	375.99934841859056
1.2530641255855697	2.6533090600472664	10.188890240343856	4.425544880193458	0.075488885597002842	135.74992354751205	1.92236651892623	80.276134122781315
2.9596841095044804	10.596502649246171	5.2887317588531042	12.34675168188706	2.0279523136666939	210.39528425648169	96.239656449531722	11.036484195616008
14.237404320953731	5.5101146498357405	29.488552021771106	0.063905446703279287	2.0726899767032938	61.236996373146333	17.468158111267492	81.56323388068833
0.00041626942278968562	0.024655637938755182	0.027137945916831982	0.012997485424701999	0.0097609401393264072	0.027657638473570039	113.29288809592282	229.70650811363063
4.8949587080615835	1.2368938013941315	3.4813528770701243	9.7222625112722145	36.712243596294158	0.36174218822430954	118.12055190416785	65.106742693299765
0.004131252482704263	0.0012305715831035942	0.2229649027551929	0.02661966070580702	0.17556873471480319	17.562558807718435	0.40292488788470154	408.18500730562772
0.022234733182633724	0.0061141110842736525	0.32673493978908064	1.992921464270996	1.8970971054645764	0.42113309084297629	0.50383505263127693	288.07169858465568
0.013417127223603342	0.0030186788536455613	0.81677987190609758	0.89258448838262117	1.5342484516803991	10.777881980561787	6.6987835700738305	146.04673474344619
