-1.1894240633790472	-1.0217171611560187	-1.2018697592604606	-1.0271640375625806	-1.24417347834923	-1.0572577845690159	-1.1558027205294901	-1.2924204483676207	-1.1892790889797151	-0.40125356103698062
-1.2362898580066481	-1.1507273839574053	-1.2914560190027227	-1.0955025422560793	-1.2139570452235708	-1.1118139396977544	-1.3954776174914796	-0.93826452177458597	-0.91336283628236903	-0.34766131701856973
-1.1319883758412013	-1.0345429169030709	-1.1526097518118412	-1.2573424952516772	-1.2397190616913913	-1.305042518453005	-1.40178220496741	-1.2131525029330783	-0.38179219112380519	-0.3503405553088228
-1.1011971603127035	-1.0229757116046263	-1.178826711460359	-1.0170917758699516	-1.2251128389063866	-1.2371060063876063	-1.2466860068428889	-1.1361406391862565	-0.5303247930742806	-1.1741373503316301
-1.1618916059845941	-1.1120991493649988	-1.1429518327702612	-1.037034287191007	-1.1246662941032306	-1.2705027450917008	-1.3779794984730054	-0.91008604340120358	-1.2012766938311761	-0.34658848612806614
-1.1671324679169743	-1.0869471624229732	-1.2021549151889144	-1.362805336105172	-1.339138296938664	-1.1750382446688827	-1.4537380251161767	-0.37029994641342034	-0.90034925004201216	-0.34724149941006938
-1.1771921106930543	-1.0016049298427427	-1.069165547179143	-1.1981371376203818	-1.2034689669889196	-1.262842544927784	-1.3761912551699536	-0.91297028560781812	-0.28782504588293278	-1.1865222822621064
-1.109564008524585	-1.0331770076228226	-1.1890200005766391	-1.2179866697957591	-1.2646139880911917	-1.3320406246950047	-1.4391966139842309	-0.15218042043641131	-1.1934692702434748	-0.3475140599846836
-1.3021718857887432	-1.202433387481411	-1.1137570765861304	-0.90896896596517229	-1.1941755936626322	-1.2894924542388198	-1.411911151830253	-0.10308688595662295	-0.72209441129390972	-1.1756889280163862
-1.1068679199861202	-1.041133735875051	-1.0588095594737785	-0.98372788811429479	-1.1263300673239134	-1.2450193003731163	-1.3205758476099012	-0.76098720747489246	-1.1276701135940181	-1.1869528611580555
-1.1793817256726074	-1.0896116062847978	-1.257915366946744	-1.3048050953036325	-1.1346700602948576	-1.3298654355375172	-0.53732866155493975	-1.1940379625137223	-1.1674315899244943	-0.42391945072965959
-1.3275248708102416	-1.1262887928873886	-1.2044274169102718	-1.392270373369203	-1.3956678700054805	-1.4421549613146485	-0.10623542183520505	-1.2270560193834623	-0.31285951209451318	-0.35278810561424412
-1.2129546770908832	-1.146505235105159	-1.3552034542898201	-1.1420719325277806	-1.2194182476360296	-1.3588303986642525	-0.57881703192304523	-1.0345816647492432	-0.3243157249239213	-1.1939290386626267
-1.35337883882461	-1.3221240510451453	-1.4788328748150958	-1.2725306936739014	-1.1118720994554205	-1.206863929501109	-0.50500479573527446	-0.47680049278837833	-1.2287221621852014	-0.37975651137547617
-1.195818081564024	-1.1772173525519523	-1.3625024702747874	-1.1480819634663977	-1.2345081275949958	-1.3550560403432612	-0.48845250983193889	-1.0342598520441268	-0.32635909350615316	-1.1936349994916309
-1.2270990053245447	-1.1334793027929431	-1.0521968472237453	-1.354774773470748	-1.2529084210301853	-1.3496190160667565	-0.52473587288313228	-0.098523843910570189	-1.1769409105639759	-1.1876481133757979
-1.2226032295544227	-1.1837423000097029	-1.3047692988819939	-1.3783698884457414	-1.1872429037470591	-1.1600960197584764	-0.27783959377972905	-1.1479228912025596	-1.1627739110869131	-0.42285331584713504
-1.1455985853205295	-1.124369017052322	-1.259156714406731	-1.2285766373261635	-1.0744013031156445	-1.1401988146214168	-0.51327118730001997	-1.224813974531918	-0.92977910852905343	-1.198326133282019
-1.1457987960187745	-1.0585848834457667	-1.2216724504711782	-1.2693572297236266	-1.1026904872725474	-1.2977147809587983	-0.52120998790262862	-0.85274869929154307	-1.1651953247045985	-1.1868065846044622
-1.1794094444344776	-1.1544926377672533	-1.2946384896365186	-1.1272032331841821	-1.0718216216686325	-1.1392963459631915	-0.51214342079901543	-1.0686684439732648	-1.1192544381803697	-1.1852014413645751
-1.2188069714247702	-1.1309471770796571	-1.150501160277781	-1.1986878758013189	-1.0942690896341407	-0.73168237994548846	-1.4002658311474117	-1.2017438667534153	-1.198966556448898	-0.33274309076027564
-1.2907529463863063	-1.2411074753600111	-1.371060684188885	-1.2339596300237696	-1.1914676148940786	-0.51975372200051306	-1.4935880277219666	-1.2083680382498032	-0.38940930727571199	-0.24686472992186742
-1.166279944741663	-1.0912610126619102	-1.2484903843661455	-1.3166449899335757	-1.1414700481641622	-0.69336712051753346	-1.3278805298228711	-1.1418913508574691	-0.35915849852543491	-1.1779745582791386
-1.1202089913981315	-1.1773259696633682	-1.5299287918410702	-1.5230541614099493	-1.3662008727380242	-0.32215788354104269	-1.084267043596385	-0.48452041827164599	-1.1845434199021456	-0.32520975938661795
-1.1218601820401461	-1.1061823108184865	-1.230125413032638	-1.2979958606580644	-1.2694678757731088	-0.59517600987495289	-1.3165427675913703	-1.1193772966446571	-0.35804957591756775	-1.203845148163466
-1.1427255269144625	-1.1514650959394999	-1.2807565414430726	-1.1146344790013414	-1.3108567310043571	-0.67395885908021325	-1.3629243181878945	-0.17983218500394954	-1.1246860769413116	-1.1757341542596735
-1.2466574446665368	-1.1750533894457271	-1.3423971024479768	-1.2882471738381882	-1.3917020501974815	-0.70566062022670883	-0.6174649144530141	-1.197121726613829	-1.2022485420580999	-0.34162681792526856
-1.282021462546814	-1.171066738108022	-1.3580521392625171	-1.1777768059639444	-1.3746856550677293	-0.73719410193943402	-0.52958558604620742	-1.2730210709784973	-0.36593892741184308	-1.2153085068363769
-1.1962225079327435	-1.1214748601885858	-1.2798859821680919	-1.0856802705673934	-1.3109766699031669	-0.6746231072111627	-0.52181912177383982	-0.89086994290793176	-1.3344195932666056	-1.2816678264526171
-1.1792570925842323	-1.1576041571651332	-1.2909175199288923	-1.1060430302135389	-1.3045531019553642	-0.68182551583745565	-0.50152611899121324	-1.2055196142301203	-1.1169654641761921	-1.1964486067187921
-1.143577975972196	-1.0623026168603253	-1.1954867107981348	-1.0136185188009605	-1.2171841528286289	-0.43549503927093075	-1.3316609849462795	-1.1374932762003747	-1.139517332799161	-1.1320510629975866
-1.1142308053091226	-1.0961246451843885	-1.2217184719886234	-1.2880225477295417	-1.0941246404921683	-0.68326782254289486	-1.296107773959428	-1.1140786434029253	-0.80319041671016478	-1.1780568210561528
-1.1389951972186023	-1.0714914236502175	-1.2193570219379317	-1.0213643616388777	-1.2273696448130023	-0.64148778850975741	-1.3642966790501014	-0.87373322035345857	-1.1377519131885077	-1.1873804624159223
-1.1792570925842323	-1.1576041571651332	-1.2909175199288923	-1.1060430302135389	-1.3045531019553642	-0.68182551583745565	-0.50152611899121324	-1.2055196142301203	-1.1169654641761921	-1.1964486067187921
-1.1067985228924473	-1.0327470700602799	-1.1854873780788187	-1.2495710891554856	-1.0631474014043369	-0.64252504903458629	-1.2515788545758846	-1.0777940938010357	-1.124716022548244	-1.1853866019736095
-1.2164675482867453	-1.04404500396248	-1.2327476534255801	-1.0514002381486911	-0.94282612348856965	-1.290322206727271	-1.1652265759228027	-1.2335010127632315	-1.1891603850252925	-0.40121351124138377
-1.2926006774691496	-1.2011391205062669	-1.3768564931420686	-1.2345853476763804	-0.54822962580755152	-1.0829352852787091	-1.3521522774389969	-1.4346211293738675	-0.3772326220827375	-0.39637680419537813
-1.0841672503622957	-1.0144300747513089	-1.1606309362510014	-1.2235724093199429	-1.0393727320358348	-1.2390250896395578	-1.315899477871836	-1.1422214909911794	-0.3591950058444085	-1.1783124989385152
-1.2854904812959294	-1.1971736451305275	-1.3420365141949897	-1.3916863599301368	-0.5401893099309607	-1.1340239760719439	-1.4029958453597215	-0.93878120474818283	-0.8995714760261424	-0.37342158470135095
-1.1221963214780073	-1.2409761488052968	-1.3127450532129781	-1.2514562205348654	-0.53513705932320876	-1.2737821981774047	-1.3511370205980116	-0.89175085954285183	-0.37313168881714182	-1.2039461258449462
-1.1614110579913048	-1.0949565646095165	-1.2248104012827046	-1.0578883666740704	-0.93644705332389799	-1.2858266616993179	-1.3494940831704849	-0.1687476504478595	-1.1338916305656965	-1.178328813113612
-1.3120615232873047	-1.2873642510348839	-1.3039184220068032	-1.2469916250698192	-0.55243579561103373	-1.3231287737558319	-0.26957761485507054	-1.3434581619936046	-1.1789961236975164	-0.41110084083807363
-1.4048375653808649	-1.3789360711968837	-1.1553217293467084	-1.2315415223229882	-0.51425391766530226	-1.124909326419439	-0.44895027219105449	-1.1415135466628072	-0.81399758441590542	-1.3419495078607777
-1.2787468540668736	-1.2369335739516467	-1.3448460998226763	-1.1762404348200866	-0.48179140328195391	-1.2835527241686293	-0.51990393761323583	-0.8333310823338631	-1.1005010829429649	-1.3441699743904936
-1.1541237392637564	-1.1329362723876439	-1.2686368739773846	-1.1040643536026162	-1.0526287272982044	-1.1170928624354783	-0.50202866352000042	-1.1999303269561703	-1.1174931449650833	-1.1975000562671037
-1.3659645346799301	-1.2721621669988934	-1.4268956523907947	-1.3929055656776446	-0.57235053413590331	-0.63361683739869001	-1.4874308822177666	-0.92371033815104286	-0.89538758838469712	-0.37185850945033877
-1.1864853073582695	-1.1699043072007218	-1.3009871926437782	-1.4688836021341254	-0.47147466130013349	-0.57681905605999906	-1.3055296928321014	-1.3229882334330485	-0.3547911000253639	-1.2033302075659218
-1.1003771600528893	-1.4089763644002931	-1.4072743105578602	-1.1676243299320785	-0.7454495873789847	-0.6581935906797558	-1.344367598460448	-0.45008630751104045	-1.1255287274451999	-1.187287900720267
-1.3296750248042344	-1.2657677657070259	-1.4338350041079611	-0.94287445849193774	-0.72150525862227244	-0.65857794948763182	-0.50993926695650715	-1.1777033836891746	-1.3741258367440869	-1.174543400867059
-1.1693890445086734	-1.0955875669642847	-1.2265218643518039	-1.1055811374004374	-0.90045239556949042	-0.45514648475702291	-1.2315430262244982	-1.2722566322858773	-1.1046778489542408	-1.2174053934916691
-1.1538105278773898	-1.084240589611867	-1.2429085335973473	-1.0685961918170552	-0.45234991305112737	-1.1972068560644793	-1.2487112257471926	-1.0525561963647516	-1.1291735554697577	-1.1988933128014541
-1.126910516715069	-1.1086087531134035	-1.2278727555524629	-1.2970764594580169	-0.39864892885401654	-1.0017633729367905	-1.2505698411552177	-1.2717839371587834	-0.79477788105332914	-1.2131650376768708
-1.1538105278773898	-1.084240589611867	-1.2429085335973473	-1.0685961918170552	-0.45234991305112737	-1.1972068560644793	-1.2487112257471926	-1.0525561963647516	-1.1291735554697577	-1.1988933128014541
-1.141460704884127	-1.1204151843646184	-1.2421342888055242	-1.2875314572054732	-0.40242257165377482	-1.370732717852883	-0.45767548409976866	-1.1108208697407376	-1.0965628534462717	-1.3336804731044642
-1.0957643650341056	-1.0755762918356722	-1.1774726571115266	-1.2530512025314966	-0.45711446051270221	-0.99983828682534248	-1.1890342332683022	-1.2323983568045498	-1.1265985099672875	-1.2165788741768908
-1.1000556606183365	-1.0341996056345104	-1.1905159668219054	-1.0157512220528153	-0.92606421185446031	-1.1766397688152253	-1.2008111671098909	-1.0806795935125357	-1.1079505896756683	-1.1861356281477922
-1.1960181694222896	-1.1412532966346696	-1.143567730490286	-0.84285764704124644	-1.2007989166276709	-1.2418040007396107	-1.1805381699249	-1.3001898160751504	-1.1485181852791191	-0.14174366325855972
-1.3303044753735775	-1.2290595655214329	-1.3614094293322669	-0.26632437919726099	-1.2565623810821751	-1.319591395174204	-1.4036925672878571	-1.1904835814505015	-0.41157458339437825	-0.35031586312710494
-1.2112303930766393	-1.1303704141765527	-1.1460244672108717	-0.81637215962085741	-1.2309888007296277	-1.2429350699653754	-1.2517286276631268	-1.1602903492379641	-0.38358354370576814	-1.174399276053425
-1.3007565150645581	-1.2129542944837493	-1.2223844309514045	-0.51202715445512803	-1.2319608584182518	-1.268507352312404	-1.3804582346917404	-0.9140653893358176	-1.1718555829018713	-0.207363461961768
-1.1942788694720241	-1.1555704443560972	-1.1495328436659764	-0.82609033656299735	-1.1787286531889343	-1.2345146227667831	-1.3473870738157812	-0.90130216215564884	-0.72044210149802324	-1.1867825358106927
-1.1446469120613583	-1.1075471354411024	-1.1017604459476666	-0.79175959401223694	-1.1489468260601101	-1.1881712326609866	-1.2928142675047418	-0.8667724842300879	-1.1358622737525457	-1.1865936687807805
-1.3746549633817269	-1.3429088270317617	-1.4933814035622694	-0.57239091716875645	-1.1763409437495154	-1.1366048208521524	-0.47388049735950161	-1.1766100230551866	-1.2348489811768522	-0.37101780010393309
-1.2389222950905239	-1.1649095873622815	-1.1764722278317086	-0.84650337966499312	-1.2048601152937697	-1.2631338122394531	-0.52805419071853632	-1.3006719760692336	-0.86114786248032349	-1.1983497709106299
-1.2574369433827894	-1.2181054526613933	-1.2394336369889292	-0.50883025376688606	-1.224477102750126	-1.2610202457058499	-0.50799723686760756	-0.83009484873221118	-1.3788483933038544	-1.1853586292568767
-1.2236844847517563	-1.1305422052861938	-1.3052870550889171	-0.87230894592860686	-1.0725165389017461	-1.0269032993218943	-0.48865061218040445	-1.0920948032420255	-1.3697441078613675	-1.1832270510722398
-1.2082546777195913	-1.1394208356671069	-1.2714488157736632	-0.53745214778197403	-1.005133161353521	-0.6018854458536248	-1.4332058054946482	-1.2269572819176202	-1.593912449789455	-0.13893293598983811
-1.3035467153267482	-1.2244894733804581	-1.3933840205379453	-0.27604735320203855	-1.257409549378665	-0.64090567507606322	-1.3074336948549372	-1.1709554225024335	-0.70518855456985541	-1.2002087579797631
-1.3117357950869257	-1.3155615671481395	-1.3104062998382038	-0.35034313342534612	-1.2705436653133049	-0.58021397815050879	-1.3212185759158959	-0.1745083028758514	-1.3483202154778626	-1.1748616737552382
-1.1899537871546098	-1.1842963423442896	-1.3114379375894205	-0.86230861925005886	-1.2641918106218604	-0.66072107986260153	-0.52409874735818773	-1.182576775658857	-1.3404180052326045	-1.1760805837475774
-1.2022445289555708	-1.2052749528837785	-1.1646584919739651	-0.85520409922400664	-1.203344092554006	-0.61447534911439916	-1.2772763400601475	-1.0876774435959078	-1.1299050797187362	-1.147442517205767
-1.3169565784117543	-1.2347862135820769	-1.389833850576857	-0.55528644333361776	-0.517267701371105	-1.2380067836527875	-1.3327175368530852	-1.348668086039428	-1.0982761191953208	-0.30128291668437501
-1.2890882107242649	-1.2473068682353838	-1.2407899649645959	-0.891670564620624	-0.48672344836607745	-1.1972636823970462	-1.3067302564593553	-1.172731477401703	-0.72039390069487497	-1.1867031347439456
-1.3745319067780302	-1.2887691792124825	-1.4731963293439891	-0.54974872280723397	-0.74576210082546068	-1.0623821695326476	-1.3518148355979647	-0.40016123232509815	-1.0409968652831274	-1.1820240043939991
-1.3635939214188848	-1.3190062577868096	-1.434078966552198	-0.57929866656067319	-0.46544276856358202	-1.2856970472380775	-0.50789935973164713	-1.039439574821502	-1.1003613515657149	-1.3439993042069827
-1.3698843767881013	-1.1550821338723289	-1.3994090587770733	-0.52258125231266961	-0.51452707728938263	-0.56344616499191424	-1.1950562351848746	-1.0781819617838866	-1.3941259228785845	-1.2430736323687759
-1.1538105278773898	-1.084240589611867	-1.2429085335973473	-1.0685961918170552	-0.45234991305112737	-1.1972068560644793	-1.2487112257471926	-1.0525561963647516	-1.1291735554697577	-1.1988933128014541
-1.0464609741657533	-0.97927735671424609	-1.1248321430076955	-0.66919256094434287	-1.1862907448836684	-1.1370550243359687	-1.267594986325925	-1.2766131722268839	-1.0959110620337609	-1.1481465326294207
-1.0863678993605574	-1.0203995577529927	-1.1894833235488931	-0.50793256279847998	-1.2076102453808202	-1.153913569250224	-1.2517542304623306	-1.297694738503576	-0.87042520886706332	-1.1783319938635264
-1.176925704288617	-1.1062744660553341	-1.1101445717937866	-0.46501260302126401	-1.1188416876112903	-1.1520324093288681	-1.2537039590168246	-0.83013550762473209	-1.3786799411512651	-1.1853005991913494
-1.0842169746038788	-1.0792389933707827	-1.196321821956299	-0.46396663946899153	-1.2177739810815227	-1.1624673733678939	-0.51690892682642009	-1.3484876394803182	-1.3786911572724505	-1.1855782814600671
-1.1010230297420291	-1.0384950619317039	-1.2098713666720238	-0.47212422198483567	-1.2282871157187187	-0.7157452777455674	-1.1168483718895188	-1.2009417148193344	-1.3838506020806152	-1.225741050346175
-1.0962809231069148	-1.0297468742721836	-1.1576876295086931	-0.48032036664294253	-0.90789403367906141	-1.1288961077133643	-1.1859104117150725	-1.2174669024165592	-1.3943584534786961	-1.1804355061166305
-0.96383543242961045	-1.2433057688194713	-1.2481496278210207	-0.73568281285944181	-1.1529961614183162	-1.0548378156518157	-1.2073011291757347	-1.088326535709969	-1.1134431577660764	-1.1479281564217574
-1.1666968394578603	-1.1314805089090074	-0.64442729453401282	-1.2293049196315486	-1.1983088583044983	-1.2817893760661538	-1.3542885038295884	-1.1317223751978467	-1.2020853263654463	-0.086643612799012851
-1.3692725756450674	-1.3525796427255403	-0.48814019334970898	-1.265855581306371	-1.2477371685391143	-1.3286604259130042	-1.4478926244940868	-0.96053723488496745	-0.30282110826747327	-0.5026157954173639
-1.2051601829349947	-1.198181236371969	-0.651431857256213	-1.1820499639484492	-1.1515995819727531	-1.2259078530582397	-1.3444170685924584	-1.1407490675185039	-0.37424410370226724	-1.18470803267881
-1.3203873501686509	-1.2294863936369722	-0.65405695979352529	-1.2131367801094644	-1.2595784335239026	-1.3247323814394292	-1.4332738946218724	-0.15153234506569427	-1.1883867633248162	-0.34603413699190894
-1.3054710205343689	-1.281727223096377	-0.46400200367242733	-1.2032599119845284	-1.1860374420017126	-1.2629328389424288	-1.3762896536867339	-0.91303556354184878	-0.2878456255498219	-1.1866071193312731
-1.1305464028593804	-1.0516303012081687	-0.94915701075977421	-1.1620013471946968	-1.1265744979242021	-1.3150269731243083	-1.3564375715873915	-0.098910473424900863	-1.1239704475505801	-1.2047383319135221
-1.3708016496775326	-1.2595931392335238	-0.68622756895392467	-1.2691999601688855	-1.2560640781554402	-1.3275020779861411	-0.31896155034739027	-1.3063752224484599	-1.1418319370823926	-0.42397448219107253
-1.2677918521267493	-1.3712471910359396	-0.71600461043894015	-1.4541441172578435	-1.0098526688629315	-1.3328288023772124	-0.55086467116951032	-1.1125588565462046	-0.60683099961631981	-1.1850642367224964
-1.3424398739761771	-1.240259250332117	-0.66841221214756175	-1.1923559610259722	-1.2768558334318452	-1.3059095598270545	-0.541360982056592	-0.098326915954663641	-1.3647870795430426	-1.1786196811487151
-1.2006781301625054	-1.1324621734668905	-0.69857048204705874	-1.0998999794671511	-1.1764495745986412	-1.2611474543555263	-0.22266927514768411	-1.1911624409028119	-1.356601760258749	-1.1783557515234702
-1.3119644051692438	-1.2623753264858137	-0.42708145794162999	-1.1645304734302662	-1.1679159681760058	-0.6258416340957681	-1.2227174308270976	-1.276675150878068	-1.0930737217109872	-1.120879468422127
-1.3119644051692438	-1.2623753264858137	-0.42708145794162999	-1.1645304734302662	-1.1679159681760058	-0.6258416340957681	-1.2227174308270976	-1.276675150878068	-1.0930737217109872	-1.120879468422127
-1.3914178489544342	-1.1700671291245273	-0.67484888070311466	-1.2424393668064149	-1.2670486972939019	-0.64085567258639164	-1.4286796097519256	-0.3732200046256281	-1.0770377161096174	-1.2484235959527277
-1.139868223112076	-1.0855887936756394	-1.096006091467177	-1.3129785187863967	-1.2825025271090107	-0.68972089117453528	-0.51351402200548335	-1.0824857616410255	-1.3637820432046677	-1.1252030294770328
-1.1490695384075975	-1.0812770354862071	-1.0734030981895839	-0.9832529366645546	-1.1812841647135954	-0.61739892668932017	-1.316136744020028	-1.2227918613032158	-1.1362311214659762	-1.1315128575358846
-1.2578518725796943	-1.1558065962687842	-0.6296845592705248	-1.3241283849792302	-0.79932278905570653	-1.2505633137119068	-1.3107039450623736	-1.306340716683386	-1.1418017774591103	-0.42396328359848723
-1.1685488365344738	-1.2639056695294282	-0.65995561738165653	-1.3403134067509521	-0.93080118734903616	-1.228494680498875	-1.3472539661260026	-1.1228423885341634	-0.37870098024591314	-1.1859505190196495
-1.2569729722714469	-1.1853636661929694	-0.73126694583649521	-1.0240332333785762	-0.87870381576079448	-1.2089158975152714	-1.2772932376194563	-0.71908530287679162	-1.3631485578588838	-1.1856709342231817
-1.3321438348134358	-1.2562580088076361	-0.78200579573822948	-1.2768535711742646	-0.44941110345533097	-1.2420064821740253	-0.49211421482803147	-1.1472720364264437	-1.3878969179723257	-1.1852283174946598
-1.3791424616871706	-1.296531701726001	-0.80841028522766512	-1.3331288770138279	-0.4659402795206104	-0.59885161496813988	-1.2576458153026135	-1.1910610896264922	-1.1087641994320114	-1.1867205323712589
-1.1940677889197369	-1.1225430188338834	-0.69992528592070069	-1.1428330912040643	-0.402240235041947	-1.4068467810262673	-1.2460536141892473	-1.1913776097930466	-1.1090588494983518	-1.187051849738548
-1.3468425103769097	-1.2701037066458241	-0.60769001720475313	-0.38742374956561443	-1.1148890901642314	-1.1932072826988911	-1.2592877952611083	-1.2944367256265537	-1.4249799907543246	-0.076677289670747814
-1.3215009666936519	-1.2417219288500274	-0.68398488008691505	-0.49798210076553395	-1.0698818749077661	-1.2003601605288627	-1.2500741957813994	-1.4585110451146441	-0.70487399946801432	-1.1996733950819249
-1.2201989518627436	-1.1775830130703362	-0.74722519478766725	-0.41078673359821516	-1.0130570816828286	-1.3989077674984476	-1.5042318231870548	-0.84496486725180786	-1.1181151899199879	-1.172872063911331
-1.3547487830659979	-1.2759642299394356	-0.70341564934386269	-0.50106828656287672	-1.0976757821706777	-1.2483933919515728	-0.28329052559836759	-1.3444692991784217	-1.3798877254190045	-1.1707194929551143
-1.2343502206003736	-1.1471375132911856	-0.65197335050306637	-0.96884603719072149	-1.1279199732514407	-0.70339846556919372	-1.2659044806077355	-1.1860673664350279	-1.3335022297541668	-1.1828071454970832
-1.2516755899506311	-1.1798300300882405	-0.56982798839616866	-0.35676116694726367	-0.5442366534411609	-1.2250476926323179	-1.323712128325482	-1.2921334938211009	-1.5160275009123521	-1.1144565894131455
-1.1963065677607534	-1.1283673725399672	-0.74980388862117719	-0.44037775595951606	-1.14267384534838	-1.0907327242023264	-1.1884634551492859	-1.2190396189126693	-1.3970400522165278	-1.1853079604784071
-1.1099501702086383	-1.1044484703976143	-0.68825758515085356	-1.1544477763975567	-1.0966125675782172	-1.2239987384509534	-1.2916916233572666	-1.3197005433111848	-1.1549547076196194	-0.71118961632647137
-1.2054059113246394	-1.1350509475437927	-0.39490671425823465	-1.1589479317158888	-1.0916870138278805	-1.1521066215870113	-1.2826505000676494	-1.0949384280793169	-1.1122073233702465	-1.1743271859348277
-1.1659875175341408	-1.0994394702688626	-0.60850970234917845	-1.167278934232165	-1.1021193759473109	-1.1723662814007896	-1.2851689475119479	-1.0747381012341579	-1.1155755338843705	-1.1312862420126555
-1.1140809625413914	-1.0806062000227024	-0.59019263216850049	-1.1303032824212516	-1.0674533410316827	-1.1329302743377212	-1.2445497724212811	-1.2551242350323508	-1.1129741094849956	-1.1841654400872075
-1.3119644051692438	-1.2623753264858137	-0.42708145794162999	-1.1645304734302662	-1.1679159681760058	-0.6258416340957681	-1.2227174308270976	-1.276675150878068	-1.0930737217109872	-1.120879468422127
-1.1745012061001392	-1.107467245100304	-0.68322849036525779	-1.1937739891709156	-0.97078422220507543	-1.1638547219974329	-1.276365225748288	-1.083006512710956	-1.1005578382428325	-1.1856131809532684
-1.1878665888620612	-1.1823206385259055	-0.64294797947493854	-0.98076950588535439	-1.0873238794453841	-1.1452330237866697	-1.2756820453957991	-1.128359152385769	-1.1100593773812883	-1.184556104711372
-1.145579261720816	-1.0801960035738118	-0.6660146107902285	-1.1641311674507813	-1.0984568373996801	-1.1690430872203414	-1.2819588283976955	-1.1009114103598217	-1.1174350723084514	-1.1321141844203324
-1.1236203944420187	-0.81950922118291747	-1.088947321814471	-1.2046315676962354	-1.1624449135673727	-1.2744971946823744	-1.3424859976011534	-1.1560015689477861	-1.1732673121589519	-0.36337333972752645
-1.2519284054194244	-0.88183139327129589	-1.1514286364453235	-1.2523108346462175	-1.2371155279075223	-1.302301798889056	-1.3658174077162941	-1.1969523037234731	-0.40899396207344341	-0.54468870665845848
-1.1968267935496157	-0.81694274922960042	-1.1289078975175741	-1.1926349150443447	-1.1693440156450239	-1.2371140696307124	-1.3207051020129794	-1.1229162797808572	-0.3591815726222482	-1.178095424848159
-1.015684676435175	-0.68934989898774612	-1.4851210210729326	-1.3146352394527061	-1.2966399165977478	-1.1855005443709794	-1.4036235293586345	-0.50699591685901002	-1.1699024801253406	-0.30089446348076809
-1.2255529497549948	-0.83128760897357001	-1.1562490176211926	-1.2198424422076044	-1.1960202085583211	-1.2710266982830172	-1.3520447852830901	-0.89354168671594081	-0.35902612959559266	-1.1780896380244092
-0.9404829345889425	-0.87596699353808916	-1.2210501699902661	-1.2100854901761053	-1.1940700925464462	-1.2262618139790489	-1.3456553526341928	-0.47654321996908927	-1.105511116567454	-1.1864870376178027
-1.3363013204411176	-0.4840070818673699	-1.3541463331033856	-1.2582994665607505	-1.0836423255389007	-1.4936152162108942	-0.513713131018118	-1.2019440529094862	-1.1827104711779861	-0.35024644194427657
-1.2541354827934383	-0.85624221175297555	-1.1857891531007099	-1.3128727747884601	-1.280624864039245	-1.3335777177312422	-0.53579643843288427	-1.1111361117084495	-0.66895186518954552	-1.1760761433172928
-1.1412689135342253	-0.76461115267351398	-1.3093813299798436	-1.2207117786174269	-1.2031260973687676	-1.3894139660032263	-0.56706170623478358	-0.88016290884190507	-1.1218312691577792	-1.176251603418899
-1.1680580580731859	-0.79747413961430647	-1.10807544115193	-1.3368118124848967	-1.2300924757185878	-1.2825153663275983	-0.51287999618321034	-1.0674291886115213	-1.1084848594243866	-1.1838775325056801
-1.4630856683203655	-0.49901808974971823	-1.2105884985150255	-1.2816972796359292	-1.2962286233776432	-0.64117989644669793	-1.3436451180002391	-1.1370467048219302	-1.1912473096570748	-0.30629180141449103
-1.1747580545803471	-0.83315264115965437	-1.1278613507895183	-1.1887311245070205	-1.3414641694737837	-0.64397083452091131	-1.2013675117595355	-1.0809408141353396	-1.1093993597521226	-1.1866138661190919
-1.1400289321624306	-0.80852232689636527	-1.0945186256477031	-1.1535889191958684	-1.3015105228552095	-0.6375988934548863	-1.1672018663195856	-1.0501999790155108	-1.342598728074675	-1.177343991321151
-1.1025324716628464	-1.0493542815556693	-1.188066629659881	-1.3217273406075909	-1.2911388297076727	-0.67338608454554949	-0.51597227243116051	-1.0829112872117073	-1.369528334857419	-1.1296099505184121
-1.2484646423106029	-0.89228235044909832	-1.2017395697916968	-1.266699302791686	-1.0761031585328193	-0.64410121039328849	-1.2017545694102962	-1.081180541461199	-1.1096465777185267	-1.1868782905252449
-1.2900968340114385	-0.47344777030794183	-1.3093404127729942	-1.217175449828489	-0.7180772716617061	-1.3766493911983828	-1.3240575824369953	-1.1373474649899524	-1.1822140874754363	-0.35209718049986227
-1.0706867663436734	-0.75387717915071728	-1.0235093472716759	-1.2281348377317765	-0.65614610708887533	-1.4285402733319377	-1.3038989037104005	-1.0834605148587275	-0.87060844057604359	-1.342822577781384
-1.4798700753585596	-0.52188747780849742	-1.2226569487811174	-1.2728511329623795	-0.40903351285975625	-1.3510683323168897	-1.2839179388035151	-0.4846274552797718	-1.1205084977423527	-1.18185846562638
-1.3138610502966936	-0.94091656876005414	-1.2756202181420309	-1.318412281148192	-0.40997114635612314	-1.287072713091667	-0.45661494961897608	-1.1108823037716244	-1.0964826803547125	-1.3337345178166637
-1.2093981574078505	-0.88613565785245552	-1.1718867129958019	-1.1974077704098636	-0.71568156119161419	-0.86334133547208947	-1.2179248992570464	-1.342598627984241	-1.108606419339206	-1.174712604140733
-1.0986753644491778	-1.0273313211891277	-1.1807785830933617	-1.238597134246173	-0.45223154399689236	-1.1981643065174465	-1.2489191942221298	-1.0525554494755494	-1.1291727542132177	-1.1988924620720838
-1.4444080152459193	-0.45161429322410895	-1.4377438152959696	-0.50972801670547296	-0.99622940834981855	-1.3778346321745327	-1.3251975439344688	-1.1354319084496678	-1.1828631193918551	-0.34595679491990461
-1.1451992678055136	-0.83900319202633067	-1.1141700478758332	-0.67150983455086388	-1.1779693641906561	-1.1297587324994838	-1.2676388655038346	-1.2700853698010151	-1.108149716321901	-1.1851133197775758
-1.0986437239245519	-0.7862644593453002	-1.0603629594573287	-0.90355465670081114	-1.1989868762200164	-1.1718912291143775	-1.3290252780103988	-0.86041572379919407	-1.3554007579239506	-1.1330429432472091
-1.1451391159393529	-0.78400011887909604	-1.4244119349688069	-0.4719915296343048	-1.1309373412181625	-1.3267058233158937	-0.5272523775397927	-1.1690980881305333	-1.3776091384814124	-1.185913771018166
-1.4259184611644757	-0.46828175036291497	-1.1777548928153605	-0.73822866503474516	-1.1275700383290299	-0.59093210449676636	-1.4860520852733616	-1.0673423826049562	-1.1092026010097396	-1.3282673227176072
-1.2604030900308232	-0.86412380875377703	-1.1993440057763993	-0.76737254383646702	-1.1099700784755553	-1.0864128236619721	-1.2744971456104168	-1.0930669366557879	-1.1082870433594851	-1.185260184500825
-1.1451992678055136	-0.83900319202633067	-1.1141700478758332	-0.67150983455086388	-1.1779693641906561	-1.1297587324994838	-1.2676388655038346	-1.2700853698010151	-1.108149716321901	-1.1851133197775758
-1.4474967156106717	-0.074557578073212824	-0.57470811864222915	-1.0963091160034588	-1.5392157171646443	-1.288826242390035	-1.3501000526569815	-1.132477178675326	-1.2024646948548607	-0.086670956828412457
-1.0855126315748231	-0.75346923425933565	-0.91584318621276872	-1.2016179158022378	-1.1053402847096414	-1.2896662479354153	-1.4589922527126322	-1.1198064391732985	-0.73404848716661719	-1.1772376250510346
-1.1395488267451963	-0.81560514061814426	-1.0296369656266664	-1.1188684141971998	-1.0975377664396588	-1.2719596536459055	-1.308004844191957	-0.88105675855390064	-1.1111909533444682	-1.17601682106243
-1.392788454831521	-0.95791778014297058	-0.6902835139064678	-1.2253454078371475	-1.230233013688931	-1.32702311394466	-0.50198241134818899	-1.0605825233195409	-1.1021195216028854	-1.1781442768002086
-1.1747580545803471	-0.83315264115965437	-1.1278613507895183	-1.1887311245070205	-1.3414641694737837	-0.64397083452091131	-1.2013675117595355	-1.0809408141353396	-1.1093993597521226	-1.1866138661190919
-1.0372195236652828	-0.75637093921590093	-0.543256640444578	-1.2185592614900376	-0.76291184458653383	-1.3094368306814845	-1.2402707678022382	-1.2864451458878832	-1.3611504972521162	-1.1853003573600238
-1.1490191183410903	-0.81649219207638979	-1.1191027927426387	-0.66950824364894168	-1.1747607018165536	-1.1408321914776911	-1.265755612336511	-1.2695003719982336	-1.1076393056324976	-1.1845777345158879
-1.103299573651481	-1.0403294036702488	-0.64180385499078052	-1.1214025614454903	-1.214869972141406	-1.1643534942283977	-1.2769122145769969	-1.0834706372827645	-1.1009359091833419	-1.184457490767673
-1.1850246834974583	-0.43368063141477564	-1.0309293389470706	-1.2281389476137381	-1.0836079003750692	-1.1576527952855289	-1.2652023398277268	-1.0718799954702067	-1.1739499962084108	-1.1866106520502211
-1.1284364149148203	-0.77375659844820421	-1.0301779873881463	-1.2721958449624224	-1.1337840516171496	-1.2106155828071532	-1.2832185216074596	-1.0477667150341892	-0.86936999310402974	-1.1864393289229729
-1.1551811398237846	-0.79198435345048768	-1.0542692913363847	-1.1461231024034884	-1.1130383102619066	-1.0894159373704404	-1.2569926860560685	-1.0809832404216939	-1.1147381903253613	-1.1836457320419007
-1.0524599456988111	-0.76374394396049594	-1.0182202360746504	-1.1254815187725487	-1.1920601527066945	-1.166698150344502	-1.2529074955976471	-1.1144897280428581	-1.1084368044676549	-1.1836385959750009
-1.0823770944915896	-0.78545407298196512	-1.0471640894069854	-1.1107786710457495	-1.2090087074581994	-1.0869999763917557	-1.2523364633099829	-1.1160956487195366	-1.1153951460281519	-1.183808576246254
-1.1619637191733565	-0.80559116827489585	-1.1071186439199472	-1.1716138873687201	-0.89875830656969047	-1.1674769593732086	-1.2521350556130961	-1.1117336984916468	-1.1151761804377529	-1.1835599161246864
-1.1280956403054203	-0.82053133257962685	-1.092269930512666	-0.93939870330461184	-1.1925993253381464	-1.1710711672795395	-1.256713850199435	-1.1176128141123709	-1.119327219407706	-1.1436077427353528
-1.0505769241440628	-0.76237748216338563	-1.0163984749141945	-1.1266496918804836	-1.1895490630125807	-1.1671604468518957	-1.251795591591734	-1.1135006641275138	-1.1151419592289384	-1.1835235964366007
-1.1280472210312018	-0.81961141773160084	-1.0487961825731376	-1.1407135670701685	-1.1073260120360628	-1.0861292352555929	-1.2513391036915062	-1.1152025777277328	-1.1147041012033894	-1.1828859102827107
-0.93047559594246609	-1.1991733360388164	-1.196811729251549	-1.1590108874856906	-1.0540111014852116	-1.2321255637815125	-1.3138845186481147	-1.1383297374847516	-1.1736211678015707	-0.32673651572268886
-0.88631106359228162	-0.98896947852252304	-1.3103083531568649	-1.3532208467628992	-1.0730418763229204	-1.2630374129968212	-1.3431315447092349	-1.1743651960386485	-0.93331360975796263	-0.31652304189740893
-0.81984072210417935	-1.1464221833578538	-1.1004390540303004	-1.1609629437183477	-1.2542335056304479	-1.2342376442039709	-1.3161702239453068	-1.1478801817201723	-0.35904694053714831	-1.1781579259638744
-0.8582805595144799	-1.074820415401962	-1.3018397261261943	-1.2929321572277976	-1.2748493246876107	-1.3092124412004746	-1.3873409211479693	-0.48019978243822614	-1.1687207633527628	-0.24969467827383626
-0.98528133544949092	-1.089569279237574	-1.1525819274036397	-1.2100267060380436	-1.1906630366188951	-1.2730895308170742	-1.3912211923621123	-0.83941834356458489	-0.37331846312737055	-1.2042691611255161
-0.79652699347472511	-1.107614210817482	-1.0754230338851416	-1.1862829762769083	-1.1694838628565591	-1.2579731276807653	-1.2849390774815279	-0.46202826004050263	-1.3617510671963799	-1.0596855635136584
-0.84433207738068039	-1.2671338473483604	-1.1639014291546677	-1.3939344553977295	-1.1992027001039736	-1.3901102958703107	-0.53803418491335575	-0.90922025898686576	-1.3787184861858566	-0.44762478370505582
-0.43233373712570172	-1.3360861968271105	-1.1011671924706783	-1.3049268905361824	-1.2039850137621984	-1.4200018885284265	-0.52033763300426483	-1.1505619605856199	-0.87074230151663534	-1.210036773534134
-0.40108014203211134	-1.239499940840272	-1.156169950118789	-1.2736869872781709	-1.175161655437065	-1.3856881159599075	-0.50785255672038487	-0.82749173537274201	-1.3550275610221785	-1.2118332208677864
-0.73281844031041499	-1.1267928697786931	-1.0256892080619489	-1.2363776633069192	-1.1433136982648209	-1.355483374779703	-0.49406182394396536	-1.3424255040860193	-1.1071138458623453	-1.1874842236840104
-0.76225999128637634	-1.1877113042627641	-1.1215691922415463	-1.1742967012161676	-1.1555809682923373	-0.60441474631525016	-1.4357063084902539	-1.2436740444767085	-1.4591768125316777	-0.35444072047273217
-0.82467574639545449	-1.1736085881148155	-1.1199281882010141	-1.1803275291537547	-1.2768005993118219	-0.43414958182692254	-1.2945392939710507	-1.1282517182285849	-1.1300767027049377	-1.1981322810650579
-0.92611314083593554	-1.1974792853880105	-1.4507341570268448	-1.0666793783471338	-1.3085341268715602	-0.54551808422949033	-1.3463077965469694	-0.45281616965582705	-1.1114487980730965	-1.1867487271478074
-0.949975805037926	-1.2243192422914404	-1.2191067633029973	-1.3397895056372777	-1.323952053349275	-0.55259310659485461	-0.50702686065730262	-1.2695830528303576	-1.1141133924449065	-1.1443446361530025
-0.93941200496673716	-1.3000703507462321	-1.2621509626665308	-1.0789238020531238	-1.0827056323697877	-0.51712377740630888	-1.2747264210718872	-1.0825480823985616	-1.1117260210790496	-1.1870808152548666
-0.80950079352044635	-1.2075276432157147	-1.0984393379255319	-1.4082283218334397	-0.67950522406300329	-1.2356885473219585	-1.3125972031857647	-1.3082276723022306	-1.1223481105790236	-0.4112648388734364
-0.74743980618971417	-1.1191888482264045	-1.0175117180139794	-1.2443725001723858	-0.46201124502773427	-1.1208666995451304	-1.402388177096946	-1.3361185838314982	-0.85635748957024915	-1.3409161649267374
-0.81380139865752654	-1.0052708973500508	-1.2395509268041147	-1.1602155397617071	-0.87678581918018184	-1.2065209571286821	-1.2765618632145888	-0.71774117276297633	-1.3605644876271346	-1.1979619486309427
-0.79736470955592265	-1.2406112145820665	-1.1628105882499946	-1.3745119887567978	-0.51635881140086259	-1.2940107030904529	-0.48795896815218903	-1.2616899424849564	-1.1051231441909763	-1.3422646800795488
-0.99254426086534198	-1.085659328807469	-1.1643071936040423	-1.3665807082298798	-0.68669851229961287	-0.49275252727818353	-1.2137607503887888	-1.1742244264174495	-1.3688855610806241	-1.176283602577699
-0.95149524370850946	-1.0713199183476447	-1.1341247449838878	-1.3310295929252529	-0.49553344085613005	-1.2768574254994185	-1.046092849342013	-1.2109348633998782	-1.1310376759100997	-1.1762622092328066
-0.75387705905620739	-1.2580490995629949	-1.1258968020426372	-0.75116707604487709	-1.0994420811982513	-1.1912253078405259	-1.4915290822395777	-1.4228689582028335	-1.1583968863639258	-0.14681208558872591
-0.79151599951452012	-1.1793894588960065	-1.0796198542525197	-0.72481848267936733	-1.0384540902838568	-1.1423422742566962	-1.4317863116340179	-1.3662267118898643	-0.87337197783072418	-1.1849138998066833
-0.90420958509913851	-1.2228277170732123	-1.2066356520209822	-0.71303669646040924	-1.1149247936610889	-1.2166608616638233	-1.2059785674588979	-1.0968640070688731	-1.1136240630068386	-1.1477989302485949
-0.90420958509913851	-1.2228277170732123	-1.2066356520209822	-0.71303669646040924	-1.1149247936610889	-1.2166608616638233	-1.2059785674588979	-1.0968640070688731	-1.1136240630068386	-1.1477989302485949
-0.85537922042441272	-1.1613065897074535	-1.144826826146079	-0.73875349495953513	-1.0696829168848658	-0.97734842129579957	-1.4267134257462952	-1.229933926544708	-1.1070124786833277	-1.187073815075389
-0.93255679532857982	-1.261163690216498	-1.2444639996318156	-0.73539058594461926	-0.98553971976423049	-1.2167295908926936	-1.2059895526899436	-1.0969170294363528	-1.1136791098013419	-1.1478545572229031
-0.87536768368494433	-1.1215415627100047	-1.1166041067694621	-0.66429748333117722	-1.177613145031406	-1.1697805971640536	-1.2676017185112411	-1.2766251716893406	-1.0959176349140856	-1.1481534187993077
-1.1099501702086383	-1.1044484703976143	-0.68825758515085356	-1.1544477763975567	-1.0966125675782172	-1.2239987384509534	-1.2916916233572666	-1.3197005433111848	-1.1549547076196194	-0.71118961632647137
-0.6898626565422401	-1.0279220454304774	-0.94096571789731254	-1.1336323482632888	-1.0377082576830223	-1.1415218276742005	-1.4307579821983341	-1.3654091980685461	-0.87301013997208221	-1.1841129921707974
-0.79652699347472511	-1.107614210817482	-1.0754230338851416	-1.1862829762769083	-1.1694838628565591	-1.2579731276807653	-1.2849390774815279	-0.46202826004050263	-1.3617510671963799	-1.0596855635136584
-0.73205920165881033	-1.12746001468082	-1.0220048171860043	-1.2310686934709778	-1.1406718310618009	-1.3523512448336488	-0.49215194123399608	-1.3519132523736317	-1.1121869343255339	-1.1874936051496567
-0.82467574639545449	-1.1736085881148155	-1.1199281882010141	-1.1803275291537547	-1.2768005993118219	-0.43414958182692254	-1.2945392939710507	-1.1282517182285849	-1.1300767027049377	-1.1981322810650579
-0.73211298080989573	-1.096006692638881	-1.0018348440046665	-1.221237618900707	-0.6092586248324815	-1.1202600956397395	-1.1884793236787103	-1.2881547116742358	-1.3522555700233043	-1.1842436046273421
-0.80921173744984543	-1.0702555014728103	-0.58206807177993092	-0.8425352441605497	-1.342885702044919	-1.1313468954356884	-1.4272294612422041	-1.2675559383346748	-1.1029334940402755	-1.1748737080882952
-1.1293012526033359	-1.0647247993095561	-0.59020170551695439	-1.1303206591809416	-1.0674697515654534	-1.1329476914835692	-1.2445689055536484	-1.2551435307316134	-1.1129912198339988	-1.1841836448987881
-0.92173748653908216	-0.63458975607749579	-1.3526424448142169	-1.1985716451777664	-1.2402827096719229	-1.1297807483219922	-1.3022010501609884	-1.2995234989253968	-1.1678967228121009	-0.30421996141870755
-0.58728019208106241	-0.75707738263205926	-1.1623247814166786	-1.0291525033475892	-1.0633337899521136	-1.058057161831548	-1.4487400495133276	-1.1954114058076433	-0.82680031334159942	-1.5433230827833448
-0.89742809001015422	-0.85871080748667816	-1.1782666384166933	-1.1686065191514319	-1.275859705788845	-1.2152677744781082	-1.4058683459502526	-0.47351280923099376	-1.1068716487397017	-1.1759260149069994
-1.1142475888208314	-0.80907571625619201	-1.0782373099141596	-1.3012621609800299	-1.1416482543830737	-1.331732374629083	-0.45849547737356994	-1.226036588197404	-1.1273276118819724	-1.1843468884088892
-0.7304389224568556	-0.94132823673907307	-1.1630969074032484	-1.2164148581652658	-1.1678689865919765	-0.87074482745012938	-1.2165725944449439	-1.3362655709750777	-1.111004534808548	-1.1317672141395652
-0.74320772449788786	-0.9158328582885924	-1.1303611631687984	-1.0667029468263045	-0.80690873565678611	-1.193829700366519	-1.1849327438853436	-1.2940557962280201	-1.3579976992508549	-1.1855672362233474
-0.59843543753774464	-0.56633621161245773	-1.0754220502677265	-0.9100427157469656	-1.4848661196823123	-1.0426763236112193	-1.1958065196988241	-1.2395060723595301	-1.3632173225034745	-1.1829466528629335
-0.8389095990224773	-0.58422536255924395	-0.80006351776091778	-1.4865316487733899	-1.0532576374887652	-1.1245013516751301	-1.3158477670830535	-1.061295860618011	-1.2978873419030343	-1.1877965562680481
-1.0823770944915896	-0.78545407298196512	-1.0471640894069854	-1.1107786710457495	-1.2090087074581994	-1.0869999763917557	-1.2523364633099829	-1.1160956487195366	-1.1153951460281519	-1.183808576246254
-0.83396991142430843	-1.0747947131261737	-1.0723529716117592	-1.1883290744034865	-1.1312694912870518	-1.182900418699818	-1.1778873090223976	-1.087423509832097	-1.1140192879145976	-1.1481188344533533
-0.81608154856289006	-1.0517451906717123	-1.0496739233193455	-1.3070474991470067	-1.1516427971928238	-1.2037566395599635	-1.1979619527965846	-1.1072729003167905	-0.93745152095003315	-1.1478505263738885
-0.38467305779924765	-1.1447408299599773	-1.0744195956486984	-1.1054491732356702	-1.0664773602918873	-1.2602785170466373	-1.2545170510153298	-0.84953073890245401	-1.3470618811467254	-1.2083606527893449
-0.80777244532234049	-1.0410366292694455	-1.0389864509544424	-1.2231202811938773	-1.1063013892573801	-1.1651467040625234	-1.0439857853177159	-1.2937164162630939	-1.1137989297240833	-1.1478377603662275
-0.90546394255596874	-1.1668866735053154	-1.164591899092561	-1.2223725971847474	-1.0400066563024719	-0.92630980267208496	-1.2011990964530554	-1.0807892810060369	-1.1080630451378	-1.1862557977404407
-0.86165903524295884	-1.1104345497096433	-1.108250852813994	-1.1632361766684485	-0.99111203182260654	-1.21873211454869	-1.2057433429732194	-1.0873662321358548	-1.1125869107216637	-1.1478112813447932
-0.77970594350155664	-1.0048609840579215	-1.2151664291827677	-0.94687904302756154	-1.1625822024879751	-1.1962882040238907	-1.2775679379616423	-1.0827053667498892	-1.1091690475252836	-1.1858811663248956
-0.82298771421485351	-1.0606411959098607	-1.044815044113415	-1.1654843543678493	-1.2000473784850569	-1.1828845693889554	-1.1778715268806157	-1.0874089397863229	-1.1140043615203534	-1.1480915101672984
-0.74706670985724022	-0.96279654590392572	-1.1642984047315126	-1.129053619222339	-1.1805829752558872	-1.1585982946267572	-1.246847666119518	-1.0827320915856855	-1.1141224088109245	-1.1866600596881425
-0.83396991142430843	-1.0747947131261737	-1.0723529716117592	-1.1883290744034865	-1.1312694912870518	-1.182900418699818	-1.1778873090223976	-1.087423509832097	-1.1140192879145976	-1.1481188344533533
-1.0894553619484251	-1.0396249479635309	-1.1874060786115903	-1.149902310732005	-1.0457277099133331	-1.2558419712945901	-1.3106495875500479	-1.1350549419006111	-1.1731405479883517	-0.3472983310256772
-1.1319883758412013	-1.0345429169030709	-1.1526097518118412	-1.2573424952516772	-1.2397190616913913	-1.305042518453005	-1.40178220496741	-1.2131525029330783	-0.38179219112380519	-0.3503405553088228
-1.1022280033265826	-1.0240628509899428	-1.1732252924350941	-1.018907653956806	-1.2028292530258724	-1.2386271382111143	-1.3146388327324454	-1.1439998132516109	-0.35912496020920026	-1.1780827194423666
-1.100624161352306	-1.1260468082453876	-1.0559072756756778	-1.2935401999133243	-1.2678989590194449	-1.4085438089600393	-1.3637858432678751	-0.10771992453694219	-1.195573043730183	-0.23210967719070066
-1.2492831831325055	-1.1591647758353023	-1.2808267014288164	-0.89631013817478877	-1.2517051152574654	-1.3121859435673078	-1.4129141911405148	-0.073532718119470555	-0.35815575058240867	-1.2080175696019664
-1.0685125430737403	-0.99495169578215314	-1.1450288354892453	-1.1770973935495121	-1.1525097639680284	-1.2652530341610868	-1.3693153036248316	-0.14479118182383541	-1.1355194420769084	-1.131020532007708
-1.2068227382145247	-1.169363917997523	-1.2891118394953476	-1.0996359858570737	-1.2627783948368807	-1.0939495216966602	-0.075507782326105402	-1.2442832172268183	-1.4278674147019268	-0.31800821287953784
-1.1362807518206675	-1.1127542875367393	-1.2454858910128659	-1.3204133056709781	-1.1160752919092594	-1.1133813026251485	-0.47663690677104931	-1.1500614255863664	-0.12132004533749734	-1.5323366488593715
-1.2274252167439281	-1.1337806263948706	-1.0524765627361159	-1.3551349261559684	-1.253241493612437	-1.3495412921722354	-0.52484149298353022	-0.074933642023292155	-1.1769216768453452	-1.1876287046786917
-1.1134948351200242	-1.0278214597483191	-0.95447696552473249	-1.2297651309166515	-1.1367882717695537	-1.2245356827918477	-0.061564470309049504	-1.3789426125799435	-1.1773972764981226	-1.1881073297459719
-1.1395372001517647	-1.1185008409693655	-1.2244893134904005	-1.3078171094317377	-1.3991002061372084	-0.29556608044986149	-0.99086554783176084	-1.3788458265395476	-1.1851433800611622	-0.34880827072886411
-1.1747936276623043	-1.1601635289412442	-1.2891222735967995	-1.3600402303451011	-1.1552963430076864	-0.2826909617500738	-1.3307961090171359	-1.1442856689839613	-0.31634005557281708	-1.1784934348067406
-1.1522946448388653	-1.161107398512919	-1.2914815231546577	-1.0822985361705852	-1.3109526624834247	-0.67400818092344228	-1.3612885830067654	-0.1798008025887044	-1.12448980859543	-1.1752503167990904
-1.1661296268040655	-1.0929655456792646	-1.2513990110050641	-1.0845467971102807	-1.2664151917106912	-0.65738482425220013	-0.48360460378458736	-1.1698401669265701	-1.3341988724555798	-1.2155844032959044
-1.1229934830312072	-1.043509419087036	-1.1954963824384988	-1.0411570955574063	-1.213494015810386	-0.43417474902401926	-1.2946143370597112	-1.128106511733729	-1.1301138655150504	-1.1981716818971826
-1.2331368540597802	-1.1910554485971945	-1.3524823619132038	-1.1535462487509485	-0.49135722374080981	-1.2644067360460371	-1.2844036254227895	-1.3357027767994587	-0.91959818306893737	-0.071696169422366993
-1.2505597844996121	-1.1620729478769916	-1.332075241304933	-1.1944313609362176	-0.53043053433528786	-1.0294053993557104	-1.3039893121170179	-1.2546317958386664	-0.35832544536417332	-1.1573225586014506
-1.2917738857947254	-1.2343696827003658	-1.1301199245037252	-1.1150181925353089	-0.45756847767147912	-1.2244475234115739	-1.2817529148145022	-0.073754562813628272	-1.155948413765389	-1.3437276331525305
-1.141460704884127	-1.1204151843646184	-1.2421342888055242	-1.2875314572054732	-0.40242257165377482	-1.370732717852883	-0.45767548409976866	-1.1108208697407376	-1.0965628534462717	-1.3336804731044642
-1.2077438478315503	-1.1907432510669935	-1.2982949438802267	-1.1697346415822132	-0.53710631242586759	-0.55103886625133969	-1.2434740467847554	-1.2915489673983722	-0.98848785084067092	-1.2205395858691344
-1.1538105278773898	-1.084240589611867	-1.2429085335973473	-1.0685961918170552	-0.45234991305112737	-1.1972068560644793	-1.2487112257471926	-1.0525561963647516	-1.1291735554697577	-1.1988933128014541
-1.2557995667142892	-1.2513797379703082	-1.3636781999417686	-0.36912559464206735	-1.0639000625663337	-1.2386167624711741	-1.1890812303354223	-1.2489307111022712	-1.1949083269812466	-0.12247476606067055
-1.2331704635794389	-1.1663270563747654	-1.1731978485936023	-0.75806841530468061	-1.1866897837583914	-1.2443223950599693	-1.3624121466132333	-1.029509142914572	-0.35738418370356495	-1.1778873425680834
-1.2187499720091322	-1.1494368092678566	-1.181675340362754	-0.31245336265450613	-1.1454381159074152	-1.2712748582696327	-1.3199884871233372	-0.17434583111569829	-1.3470648943553225	-1.1869282006493378
-1.1591274357356942	-1.0917035450064898	-1.1059123411638305	-0.46034343581115861	-1.2236311214259172	-1.2529596144287405	-0.087823645290763405	-1.3439719874851188	-1.3791855314992671	-1.1701237400583189
-1.1917002399989753	-1.1200402751847149	-1.1217473466292072	-0.480391676608454	-1.1030888641356631	-0.5714885283245742	-1.392398915417618	-1.0350660077643885	-1.2537156389052497	-1.3303083829807645
-1.1919053413228844	-1.1381460401513095	-1.2456871908644092	-0.50350437811154169	-0.46897503138267943	-1.1251317455422387	-1.2141938893471906	-1.229144364855381	-1.3519554954375739	-1.1705909759148936
-1.0919569237670055	-1.0869434059922563	-1.0551172016366843	-0.28688980352580196	-1.1091709129637712	-1.1098374487989369	-1.204548553074567	-1.2368433752069168	-1.3868294086930935	-1.1297554414680762
-1.1666968394578603	-1.1314805089090074	-0.64442729453401282	-1.2293049196315486	-1.1983088583044983	-1.2817893760661538	-1.3542885038295884	-1.1317223751978467	-1.2020853263654463	-0.086643612799012851
-1.3982687685220097	-1.1905085381238851	-0.43694056228121347	-1.2034298085218804	-1.1854301492648491	-1.2629303568490775	-1.3762869488086173	-0.9130337691158652	-0.28784505983508923	-1.1866047872439676
-1.0600355883106902	-0.98695579951941625	-0.60212294240754294	-1.3541068498091247	-1.091875352681668	-1.2518290437746271	-1.3782139882364228	-0.13974817776633147	-1.356837131463229	-1.1875539044277115
-1.2006781301625054	-1.1324621734668905	-0.69857048204705874	-1.0998999794671511	-1.1764495745986412	-1.2611474543555263	-0.22266927514768411	-1.1911624409028119	-1.356601760258749	-1.1783557515234702
-1.3119644051692438	-1.2623753264858137	-0.42708145794162999	-1.1645304734302662	-1.1679159681760058	-0.6258416340957681	-1.2227174308270976	-1.276675150878068	-1.0930737217109872	-1.120879468422127
-1.1172477440052939	-1.0587604438699392	-0.65736874700085279	-1.2213297895715423	-0.36746040928765561	-1.3747255883362122	-1.2316007449341897	-1.3342605654399273	-1.0925496785300732	-1.1855655765720865
-1.2027997878428518	-1.1972773556071443	-0.64524364560735681	-0.27894129055734501	-1.1236075967846921	-1.0703106948543863	-1.1794236087520307	-1.3565691283555288	-1.3869536558847049	-1.1298566571907385
-1.1140809625413914	-1.0806062000227024	-0.59019263216850049	-1.1303032824212516	-1.0674533410316827	-1.1329302743377212	-1.2445497724212811	-1.2551242350323508	-1.1129741094849956	-1.1841654400872075
-1.2921507006450421	-0.46855820376751178	-1.305150453219021	-1.2173753116196768	-0.94431839044435817	-1.2630792352079585	-1.3415286522725491	-1.1394054037831447	-1.1884344848141364	-0.31323462218529891
-1.1844967624403706	-0.80852638558637147	-1.1197489302576487	-1.2139851511684314	-1.1678491640475295	-1.241088951884153	-1.320198739911745	-1.1224857504779313	-0.35904386138333461	-1.1776437397037072
-0.90255046662936989	-0.85135590178479581	-1.1769324362192597	-1.1673194007088885	-1.2744475557526382	-1.2138819618686949	-1.4082831072146729	-0.47707286568795937	-1.1065088070461453	-1.1755405366203058
-1.1169505289797808	-0.75858670528285965	-1.0578244231222478	-1.2749516755029948	-1.1192658820958976	-1.3092586237377837	-0.4536144997629174	-1.2030272343100556	-1.1059244761592533	-1.3446748128591466
-1.1400289321624306	-0.80852232689636527	-1.0945186256477031	-1.1535889191958684	-1.3015105228552095	-0.6375988934548863	-1.1672018663195856	-1.0501999790155108	-1.342598728074675	-1.177343991321151
-1.349217916368523	-0.47581199668288288	-1.1147131686329046	-1.1604758972146361	-0.36324060073759495	-1.235235181169223	-1.1706938756604115	-1.3477913578270764	-1.1087765178298172	-1.1803159207890088
-1.1378736755646772	-0.83363626991388229	-1.1251673530899282	-0.67098530311956772	-1.1776866825489969	-1.1294876201404618	-1.2673346655420832	-1.2682390252112621	-1.1076577022812522	-1.1845871342049024
-1.0307943659452556	-0.75168552550315693	-0.53989138408594928	-1.2110107770394116	-0.96909201305695436	-1.3598588792824893	-1.2878922681282978	-1.0487019815346019	-1.3566480674065102	-1.1853828327632607
-1.1724156240391441	-0.43647701454493348	-1.0233544114427706	-1.2181879469919539	-1.0659989038356721	-1.1462046071132241	-1.252690579374701	-1.0612394792240232	-1.1623352308594734	-1.1748706253637129
-0.66771776613466605	-0.8607714435776207	-1.3321175808836492	-1.1713876683703335	-1.2090347253226132	-1.2012671050631711	-1.2789579463966043	-1.2848958833821718	-1.1564384267824976	-0.30150371822969663
-0.81984072210417935	-1.1464221833578538	-1.1004390540303004	-1.1609629437183477	-1.2542335056304479	-1.2342376442039709	-1.3161702239453068	-1.1478801817201723	-0.35904694053714831	-1.1781579259638744
-0.38120699693158633	-1.1792040721487522	-1.1876475116818221	-1.1716566893306661	-1.1561535990828236	-1.1930177036088143	-1.304172082897455	-0.88364386020157715	-1.1116592533047038	-1.1864584275854597
-0.41994691666416023	-1.328176088021477	-1.0647723277733034	-1.2752135169343606	-1.1003369992209224	-1.2724887162812455	-0.49250942987022911	-1.1041330542073045	-1.3007078704827775	-1.2314142699206549
-0.82467574639545449	-1.1736085881148155	-1.1199281882010141	-1.1803275291537547	-1.2768005993118219	-0.43414958182692254	-1.2945392939710507	-1.1282517182285849	-1.1300767027049377	-1.1981322810650579
-0.74118843311584981	-1.1300675989618887	-1.0217619613122548	-1.2953540123875942	-0.47037332456937303	-1.1408257818235334	-1.2179648138544446	-1.3122761367677085	-1.0369026299150106	-1.3410242108260289
-0.71135689939252189	-1.1870926379813911	-1.0623939918528442	-0.70308024349713671	-1.0362950308643242	-1.1220758397761144	-1.4056287406897086	-1.3409228996608131	-1.0916823386062957	-1.177756012955721
-0.8797685360054629	-1.3822165225618797	-0.38983560125822281	-1.0736924503595491	-1.0575610341816595	-1.1267616101190048	-1.2278961306262171	-1.3527561294891377	-1.048310353845133	-1.1861357966462875
-0.61738828206990481	-0.44638213196585697	-0.99440078204850413	-0.84148096834265229	-1.3729977270615112	-1.3447900303874796	-1.1973473866748463	-1.2411032487772993	-1.3576309992877365	-1.1833749750951346
-0.38125954436093362	-1.1345826238490249	-1.0648854064098752	-1.0956396335975125	-1.0570136488954061	-1.2463742710674439	-1.2427295595293586	-0.9266863947957531	-1.3505186919315415	-1.2080338001982562
