0.648629050235229	0.6346863353993726	0.673859687539105	0.6703866530983438	0.686892586911371	0.6829258158940416	0.6916057965322742	0.6892369269845956	0.7100253718019915	0.7683304606538191
0.632943336898356	0.6170433886382213	0.6647535750709314	0.6586441957543909	0.6795811321701077	0.6730661847113846	0.689141568373864	0.6833070905149705	0.7766727028302213	0.8174576418016188
0.6346340765473126	0.620398568720581	0.6635503786896297	0.6580869632717024	0.6807654240265592	0.6753634112716547	0.684219932955104	0.6841659445197761	0.829430164006429	0.7625314472042205
0.6500438698454446	0.6365036819360329	0.6727038785841282	0.6719718998288912	0.6916060276859503	0.6855755151356	0.6924205767154217	0.6929008732059078	0.7509642260607817	0.7071730100226302
0.6233016253929217	0.6081437241688883	0.656524051114914	0.6522843602407559	0.6719984231595461	0.664074706989754	0.6804257440427967	0.7780336196925565	0.715489402828266	0.8866787813380702
0.6150406010265287	0.6000565079887031	0.6446319304509817	0.6410308821697383	0.665519628368161	0.6537046797344603	0.6717242501960534	0.8094272908499317	0.8288323845004728	0.8225630416495176
0.6293507704043595	0.6142564570689805	0.6608206413912543	0.6536469924352336	0.6761905602794914	0.6684109536785918	0.6800989075944995	0.7688039181271685	0.8722527383887381	0.6968995127869846
0.6328210537214878	0.6183443237751038	0.6592300508564346	0.6556012269284085	0.6724733381364343	0.6674873683523543	0.6847087760861675	0.8280368733740218	0.7097077512383763	0.7683258572019733
0.6291098897156007	0.6138031168675797	0.6605111455086793	0.6532766899294421	0.6759130619771143	0.6681394434908936	0.6798248050155975	0.8464848262771848	0.7858972718134626	0.6988414058062075
0.6442570463538109	0.6301271814769655	0.6716426801736655	0.6668246161157855	0.6835883671093941	0.6782821641739875	0.6912315222264086	0.7756772794245259	0.7150243630599563	0.7046178293829754
0.6248557679427066	0.6129823695562751	0.6592949044508832	0.6555053304459426	0.6735814673700072	0.6627646812227097	0.7721839660405145	0.6779814576996893	0.7110299644838661	0.8763467146221501
0.6140679265966149	0.5989921222097374	0.6450030936629665	0.6416273206464008	0.6654967131139203	0.6586517096689697	0.8104587729156287	0.6693459915754565	0.8285398737276269	0.8192843495434056
0.6279919938256393	0.6128266741117502	0.6549138626228827	0.6509320571714985	0.6727046787294838	0.6664521129129949	0.7805096309217853	0.6804290403036755	0.8961206080622389	0.6978862840791216
0.6093280408152629	0.5972638020306054	0.6391426288536523	0.6382661850886094	0.6635374487263004	0.6529030843137585	0.8139011643142743	0.8103189125068512	0.7024685946239574	0.8231897761177641
0.6125028687806248	0.5972002263129685	0.6421815945433779	0.6371887766935487	0.6628107800493398	0.6536268956291357	0.8095643083166249	0.816005607974751	0.832719781040299	0.6899586677824585
0.6297121130190101	0.6154196108215589	0.6564838543361284	0.6526941531959121	0.6699370668627039	0.6639311074992692	0.7602053332483223	0.8439005205198704	0.7115653979015173	0.7011179908636479
0.6257918974918084	0.6112282985426287	0.655046350096317	0.6503927935493429	0.6716848897394446	0.6615088036034573	0.8806474618439937	0.679374524137878	0.7090826206839118	0.7914075000531033
0.6282815954691599	0.6138148917037126	0.6573414110495371	0.6526413696149458	0.6738786315094351	0.6708991234009226	0.8519399207044293	0.6802947523647218	0.7886495910064598	0.6981887608044349
0.6232922210073448	0.6076752992462641	0.6505735770707062	0.6495280346262969	0.6738580220891529	0.6612454007283966	0.8823916541161251	0.7832300150302142	0.7096527954336528	0.6952240057501007
0.6421291354955828	0.6282011125798396	0.670126724960295	0.6655873391345354	0.679150047761239	0.6786690543888264	0.7967844573963712	0.6861215971581949	0.7194034995281948	0.7029390592451623
0.6243786194120828	0.6097540229411338	0.6520075746622709	0.6493519100611824	0.6736306787299534	0.7703783398116144	0.6789964007649046	0.677981210831715	0.7103898374276462	0.8874163909902121
0.6120281644134308	0.5966850237005724	0.6426414730513036	0.6399960793293922	0.6635792429751258	0.80441810657316	0.6705620232763253	0.6701133816088163	0.828547358815792	0.8231853921197327
0.6263147882488793	0.6101124177492624	0.6524571142506735	0.6529195692317059	0.6768337105502512	0.7742791692778714	0.6765747463767716	0.6773780572744786	0.8904815326807904	0.6983828265891082
0.6085379367838514	0.593072624107516	0.6413794869834008	0.6373209842285638	0.6610815558839482	0.8006057825960783	0.6678613749224125	0.8083577790526189	0.7033242126909427	0.8231009469934569
0.6100992574360975	0.594617918721743	0.6408916895645592	0.6350588357847115	0.6588059675338511	0.8089988763344879	0.6709550127888301	0.8116497404024327	0.8327126674914868	0.6888209491361621
0.6270951603522714	0.6113464020470103	0.6530462385647431	0.6513396939290528	0.6723653256643265	0.7585613358223929	0.6765925275410211	0.8527779674934665	0.7118813991201952	0.6950652880690258
0.6097337443553871	0.594996431618954	0.6389120832682803	0.6367001670901529	0.6638076945887781	0.7997347920692718	0.8121734143718264	0.6662300773294876	0.7017121110221386	0.8198809332388307
0.6096116261888278	0.5944940825088528	0.6406823069328075	0.6391519891938015	0.6625843180821205	0.8068552333602961	0.8111725064931051	0.6655613764610199	0.8336929478772183	0.6877865225387103
0.6059689128771673	0.5892266724684624	0.6336179906874074	0.6352110835249833	0.6577675565863321	0.8059721061948436	0.8156297418015137	0.8133441203391928	0.7030262494129999	0.6888100879128561
0.6209595683795541	0.6088542175691192	0.650055601612045	0.6464653491573653	0.6734251864364597	0.7693210364847923	0.8861658245509474	0.6782899361434991	0.7097399552616363	0.6914368259616094
0.6184038613123644	0.6018633866528752	0.6512892977561356	0.6475346741962297	0.6722267821324477	0.8946862844111198	0.6776322136388087	0.6734575055947634	0.7129859459076126	0.8036252011106491
0.6272442999806798	0.6123643328290138	0.6525252443486928	0.6505240914615398	0.6731778458510619	0.8636477817660143	0.6774379030240937	0.6754935911253782	0.7925516964991487	0.699868239441793
0.62379040446709	0.6083472355391407	0.651225159258282	0.6470573564736982	0.6714626950206029	0.863975756290002	0.6796004029897039	0.772778030207	0.7100910051798257	0.6934586074940154
0.6243605360330931	0.6093653622456158	0.6519790971246698	0.6483544260531816	0.6714532358804733	0.8631027693276527	0.7711706080841564	0.6772276105811902	0.7072236444453167	0.6960601946176658
0.6389612124758614	0.6239446340552858	0.6688587377152288	0.6637824885479029	0.686072052851449	0.7837545072997052	0.6920960194767606	0.6895862528308528	0.7133262884389061	0.7053983154492008
0.6263484180882243	0.6130549562173291	0.656214107649396	0.6525059408540905	0.76604413486446	0.6683292555218614	0.6760362596042441	0.679178590252859	0.7118771762629886	0.8734287933905652
0.6137576142274798	0.5968724644201896	0.6434615723973912	0.6421427241864429	0.8058841970325689	0.6577186142096918	0.6710139579225507	0.669727027718685	0.8277391249758145	0.8233827600829994
0.6308615167632103	0.6166507537041801	0.6563802087529285	0.6540883431290023	0.76434675568568	0.6690076991819124	0.6768929417567452	0.6809920675233278	0.8695575870292134	0.6987641959580208
0.6079238490068003	0.5955258457979892	0.6375239095716563	0.6340527719245033	0.809833010443948	0.6539784230575674	0.6693964447313581	0.8103048879522722	0.7036401046166542	0.831728373533312
0.6116452754205787	0.5954777594381904	0.6392634872611855	0.6356528245670486	0.8125769969925603	0.6544301465645559	0.6690842316206584	0.8159693146779671	0.833674729049781	0.6884829546217269
0.6267072923977384	0.6121404796272099	0.6533149103774331	0.6525973170580948	0.7596555984762817	0.6628969605089841	0.6788154577489275	0.8481909006831304	0.7156089923403715	0.6987888696061363
0.6082674649041157	0.5961998676896444	0.6382002109099104	0.6399619678848215	0.8066166977218148	0.6525794400517108	0.8126283924129998	0.6684253082585443	0.7024679761949096	0.8231700087961632
0.6138740009137512	0.5978001114218713	0.6414384612632483	0.6377750156975	0.8045811536640505	0.655350406400116	0.8088509826324769	0.6683212400281503	0.8296321785843593	0.6888862167108835
0.60839734100385	0.5920670900538807	0.6361359456419576	0.6326607271543375	0.809069320468235	0.6509835040685346	0.8135339526066431	0.8189598083227188	0.6996045609404283	0.6888525612535096
0.6224294183618506	0.603169034729051	0.6541615108047082	0.6463875146404164	0.7872347766313109	0.6625384820833578	0.9021407765777733	0.6747607202732858	0.7072330255374474	0.6917437834190975
0.6081106643638089	0.5957554553614696	0.6381867948763854	0.6384529951282852	0.8106879617807294	0.8019106579363747	0.6667943520999378	0.6650786376362229	0.7003691859291946	0.8175157084344505
0.6072416398159568	0.592728353991992	0.6405874193710214	0.6365678567874885	0.8124642666148665	0.8077099943930446	0.6656622827789046	0.6661077153044249	0.8353165730842332	0.690213659526296
0.6050512133417296	0.5886474769471582	0.6391562219736829	0.637807802874513	0.8053152810121077	0.7985133167798276	0.6649534409313072	0.8116754984579722	0.6994095288373501	0.6888872496308084
0.607635397957913	0.59184942284473	0.638751577670276	0.6359010298748492	0.8027076327681597	0.7967907416107488	0.8045325497178667	0.665740960962995	0.7020969947787445	0.6878738789116597
0.6200426008498378	0.6059243682108159	0.6504821901473112	0.6448842021933553	0.781071652590434	0.8849001129183617	0.6741288970113987	0.6735013407146852	0.7100717841415692	0.6933964738331832
0.6217707887233755	0.6061610222902943	0.6549507396207844	0.6489983648629444	0.889203726911749	0.6650986094549298	0.6726511168837478	0.6765159839692844	0.712607479805489	0.7982241159966135
0.6219259489683952	0.6109762760783942	0.653588577053677	0.6486686683249309	0.8824042913460215	0.6705518795013532	0.6781971125670252	0.6775917337000726	0.7988306271838352	0.6969471451405822
0.6222939286936465	0.6063968176530974	0.6489661778119827	0.6475465937915353	0.8835114067582991	0.6642221350284812	0.6810610041291797	0.7802056373896601	0.7097859442804183	0.6928175552403627
0.6243763029020312	0.6098026023784053	0.6576976511806867	0.6548461491374907	0.8439003818940966	0.6654922923055688	0.7646726857800269	0.6777041929090856	0.7104726607356129	0.6985513570430845
0.625013074584867	0.610327433296363	0.6548460163920008	0.6492344306699185	0.8543739562586487	0.7516416969108019	0.6781654217054849	0.6768633848369425	0.711729563980556	0.6977799299819713
0.6388830282327344	0.625093849140647	0.6715246960848471	0.6674853042406841	0.7918527768115459	0.6721512610496362	0.6884678016757516	0.6918478561419824	0.7196994207030448	0.701512129582893
0.627463321780989	0.6123410085569382	0.6519414702025124	0.7481672005138302	0.6722355198413289	0.6655600504547065	0.6774322472702755	0.6798638557522815	0.7120113701060191	0.8675782458924217
0.6134421130475642	0.5965219987085303	0.6395659823767792	0.7912380701115217	0.6638798523898419	0.6551820253617395	0.669046570823407	0.6674366322278091	0.8288779785056546	0.8185491968570234
0.6272849139733401	0.6114081120869456	0.6537533559236957	0.7628575869039279	0.6733013390171619	0.6610468255481994	0.6771655673379874	0.675786649762033	0.8950857874886344	0.6968301204670294
0.6067596671563721	0.5900460160895562	0.6373512823591278	0.7900963774550894	0.6619788214173494	0.6553047808974579	0.6680761309924265	0.8085328823085419	0.7019076505852598	0.8186023527651963
0.6082436233118962	0.5915687077730606	0.6357909765665014	0.7919021809217437	0.6637771458596182	0.6525776398454237	0.667380707992276	0.812531699417107	0.8328122427635253	0.6898755555135374
0.6281543506182378	0.6043246687466298	0.6506756359509873	0.7485804200661422	0.671700327944696	0.663538416296546	0.6748464730756519	0.8687079095961693	0.7109962057280443	0.6960473265982146
0.6106530920738899	0.5937784514203403	0.6380870026185622	0.7874393742142097	0.6615068375446723	0.6515094576155318	0.8057323185767847	0.6658373473443785	0.702125213699348	0.8182361586554912
0.606535324618069	0.5913156061336945	0.6381155084282566	0.7958246863891392	0.6608332993726377	0.6520821334577182	0.8161981786159601	0.6672797865888503	0.83469036825988	0.6878132278721767
0.6067094742631752	0.5913836069673677	0.6349692779931954	0.7870567333717305	0.6605349446625188	0.65243905330595	0.8028610879336098	0.8045078896568111	0.7020847930272485	0.687150540522444
0.6186289226598417	0.5989392764678149	0.6505439461681684	0.7675407371308584	0.6713251323522902	0.6620285438699013	0.8991292613013595	0.674066669261556	0.7068405702689832	0.6952964708951168
0.6032382482200847	0.5868795959083203	0.6380607437578574	0.7928930136521319	0.6603278235848311	0.8053118803402756	0.6672398666199227	0.6632351216330895	0.7015636561156136	0.8226697513453715
0.607326753551488	0.5911562953953441	0.6328408800737702	0.7928739683837962	0.660055313694676	0.8049965623410726	0.6678779479845896	0.6666409817594136	0.8325380942199175	0.687304835527831
0.6021045445848255	0.585241594082505	0.6312549502483831	0.7948400363536263	0.6581684208597716	0.8033884507655554	0.6651899948675096	0.8086280557800908	0.7010392865909747	0.6870569221375896
0.6037554394011585	0.5910155402362395	0.6350762827987061	0.7847071864452458	0.6606908609324071	0.7935652056937139	0.7996314580303786	0.6648743983514033	0.7050554636648631	0.6856159846530823
0.6181890520825734	0.6037783847913543	0.6487881270233371	0.7546571199930866	0.6710235729401827	0.8716733477151626	0.6740182397045932	0.6732517577675728	0.7110485014405111	0.6959721430773461
0.6085173921848881	0.5903051855516274	0.6354959128627133	0.7940727490983183	0.8081317461420581	0.6505218594506493	0.6657978515274584	0.6670474768524416	0.7021209797933741	0.8173892365954377
0.6097406468593507	0.5915853473950209	0.6364822614715653	0.7955636625851825	0.8076418731011873	0.6512781469865721	0.6663706144974757	0.6655678934966398	0.8355298874196799	0.6868752683956866
0.6056196866692429	0.5893240921619921	0.6399929407116274	0.7876290772913912	0.798296700413578	0.648246545845245	0.665111821958103	0.8036179954371406	0.702490737912329	0.6880371086352753
0.607749041366356	0.5895488949179539	0.6355153536534181	0.7817953050831681	0.8000207552631757	0.6526401275070884	0.8055072895985441	0.6653605474784843	0.7020372006971368	0.6872298547414361
0.6044179779199776	0.5850625975791728	0.6382973704173335	0.7797082491035996	0.7994918852885482	0.795263979157757	0.6653541954002874	0.6647593913924652	0.7040234303759309	0.6874376614073945
0.6217091465779918	0.6077366124096949	0.6538452182763971	0.7472430027687916	0.8606300146525021	0.6629112959761654	0.6761821128494289	0.6765554927453689	0.7093945006424757	0.6962899582399587
0.6212660595468845	0.6085539745184049	0.6475025981597106	0.8653608665036442	0.6746258570009552	0.6616394326887559	0.6718158161478752	0.6731395219371544	0.7148161972051211	0.7887636400368263
0.6230667109315904	0.6077173103176341	0.6471778243095849	0.8690918916795736	0.675187045549923	0.6629349735362311	0.6734392748480431	0.6756127761032789	0.8026951669146738	0.6960621531680137
0.6218544933998346	0.6070355138090365	0.6453134611277157	0.8646055406144402	0.6737443115948069	0.6610353296702006	0.6716529674477041	0.7681436624829932	0.7100618047409346	0.6976428668015265
0.6164582595675133	0.604469423903451	0.6483644819986765	0.8688503218477685	0.6726321968471873	0.6642223754418319	0.7797505072998028	0.6738010495380929	0.7087978744613672	0.6907822241699445
0.6176487860236798	0.6025217947946998	0.6471639404312984	0.8635708649282832	0.6766305824051094	0.7609394594746188	0.6745657050266372	0.6763250149964204	0.708637962313768	0.6911879554603276
0.6178363693087314	0.6058906109149446	0.6496279490001283	0.8694979499430565	0.7733770464831454	0.6591776134529687	0.6747903464919399	0.676282821098579	0.7087967657211275	0.6907810468358496
0.6399490869000191	0.6258374292298665	0.6628818165681963	0.8149820433399093	0.682509772920331	0.6703418119731087	0.6799559580951217	0.6883768343115033	0.7093081283267749	0.7017735486333088
0.6226974994191871	0.606227099725248	0.7647762951399934	0.6497241065478129	0.6704237053203863	0.6648899227433487	0.6790623542805202	0.6746498854759885	0.7121674834391847	0.8910409361286146
0.611293621078797	0.5959118038023387	0.7883561147994358	0.638841951485721	0.6652577705210749	0.6584448291120683	0.6701935901202681	0.6695220363920837	0.8242159715723141	0.8190086922198644
0.6253226551051073	0.6107776115784189	0.7641799554175076	0.6492949721444524	0.6743913392340639	0.6653861421483792	0.6767193547047317	0.6777904333535373	0.8937843311733775	0.6969910163020805
0.6075402289863904	0.5919911287332563	0.7930321642576287	0.6365248008195703	0.6611604031409787	0.6546941507751297	0.6677322927308043	0.8069730017855213	0.7002826986004083	0.8184541133726493
0.6091905364236424	0.5926166590241809	0.7914502630447904	0.6370925496113876	0.6628457268248525	0.6555226495383645	0.6686460191225347	0.8072045066543332	0.8294051727587248	0.6874493895333789
0.6267289979808091	0.6113156797718495	0.7424627836131217	0.6559102668617349	0.6721586478580647	0.6643888309453677	0.6760293462207745	0.8486319842123742	0.7112240606566854	0.6942916382114595
0.607054236752359	0.5914858816799357	0.7931905886591951	0.636154857959304	0.6627130274012697	0.6547088654029919	0.8073231314294393	0.6674351509685559	0.7002826418544158	0.8184540790002541
0.6087867833630146	0.5925139987702573	0.7867708558005707	0.641076001728212	0.6611172052528416	0.6554522886308261	0.8074515079133865	0.6683442282019693	0.829353799964402	0.6888868755999109
0.6067341467407209	0.5900564642741308	0.7855556176696241	0.6374938901215353	0.658770450457134	0.6537462112663068	0.8061849722016137	0.8017836766492607	0.7018393154495717	0.6874862069151135
0.6198653931929347	0.6029330528469671	0.7705194423390622	0.6451519957822109	0.6711645696829324	0.6629222859204911	0.9014952132301538	0.6732315844389891	0.7084457081217029	0.6902450169203662
0.605666573726081	0.5903252787477141	0.7873941752139937	0.6337850001874994	0.6586818542264114	0.8011499772627049	0.6678672633678363	0.6651539354656925	0.7029965043566827	0.825005599116389
0.6091858387788728	0.5922705526701891	0.7890254570488752	0.6362098956397022	0.6598331069067501	0.8013128098458251	0.6681726199775631	0.6654572789725756	0.8309279441769786	0.6867408237359598
0.604909679947402	0.5881602043821645	0.788134819187419	0.6328373890082234	0.6590468396201867	0.7979588386733268	0.6656302743349408	0.8050526133146224	0.7018953913264424	0.6857494635970516
0.6018341094353435	0.5845769890609933	0.7879524157387819	0.6345711185090542	0.6588690534881493	0.803391576007869	0.8053860117972362	0.6644454309879679	0.7018026620590244	0.6902364472306112
0.622909439633162	0.6072442258292179	0.7529220443812056	0.6440327354982441	0.6711693150507117	0.8628715620382544	0.6779281031397856	0.6730443371809398	0.7076939843721711	0.6956461256783852
0.6097229479533876	0.5945269802148895	0.7880383461099247	0.6379133048125881	0.8044020211272563	0.6524046092858448	0.6673925791872046	0.6612012070978187	0.7004211936995016	0.8184608956709693
0.6088370082992741	0.5924404835393474	0.7914390817843913	0.6366542347139826	0.8073600483604271	0.6548702098431412	0.6676357564890173	0.6643284919930493	0.8312253446797756	0.6877750243702688
0.6065081461349732	0.5898890516308494	0.7875857059036889	0.638848779392084	0.7976472426732238	0.650016163199033	0.6656577516749239	0.8014925277563485	0.7017130892903223	0.6874109911577483
0.6058313222098839	0.5875421950497041	0.7868534219786991	0.6327897821009466	0.8016165650854237	0.6540236836211675	0.8058391631121171	0.6650629228975061	0.7018100082381766	0.6896270932899105
0.604475086433627	0.5861230309638964	0.7861200379454474	0.6367334740438507	0.7994948358513755	0.7939616554083954	0.6635579679439878	0.665356394339691	0.702070692625237	0.6872325269992683
0.6284593496349842	0.614037276412468	0.7427361792685066	0.647239208700653	0.8460716864221466	0.6648424605301706	0.6792056719578465	0.6770332874065775	0.7053414227658631	0.6963044150093405
0.6072707215149222	0.5906294633113027	0.7856074343188431	0.7806068734115687	0.6607797881667393	0.6547589665949481	0.6648393301184566	0.6639941333385643	0.6999242957042269	0.8145474970867499
0.6053593157390337	0.5893006423290543	0.7863423258935013	0.7868410758701393	0.6626783677118284	0.654171765957568	0.6680583088315013	0.6653317445346723	0.8246602361178191	0.6867380385496789
0.6008422012775275	0.5834065902526872	0.7840314284373811	0.7841239128786811	0.6594155315771842	0.6506832210188794	0.6651319522178023	0.8083543049412858	0.7014257156210856	0.6873957808462313
0.6014459146770701	0.5846335696624904	0.781459647279782	0.7804575868188515	0.6597962864452452	0.654795054323123	0.7980053359668583	0.6673637805164965	0.7038599864935342	0.6867411791673664
0.6023728156140312	0.5858117884817206	0.7746252441209661	0.7745199994424468	0.6605102633217513	0.7846712130136234	0.671684102539955	0.6636940758832012	0.7020422150789744	0.6881107305210319
0.606012443666296	0.5828366069641859	0.7765553842746825	0.7765645811985653	0.7936781818682253	0.6528246674740169	0.6646684326549937	0.6641590683360448	0.7091712554879479	0.687046613640056
0.6147490084817811	0.6039116504336347	0.759853220235118	0.8667847577955717	0.6654430487124906	0.659096415098145	0.6747715245603198	0.677032370041892	0.70731820575605	0.6912542690935659
0.6223465097325551	0.6063538866931546	0.8439976325447399	0.6488398166801399	0.678603488298317	0.6630393066923966	0.6798249508482078	0.6800549730417629	0.7101636713110227	0.7787436887930169
0.6315047615074426	0.6155103175621335	0.7968227343222601	0.6563132135248606	0.6788755753428208	0.6703452192466212	0.6806318937567949	0.6821926797780767	0.7691510155189493	0.7019292310231984
0.6174382954968992	0.6012857561982344	0.8727705247382317	0.6434162333854053	0.6772807025759465	0.6616075822139663	0.6737272755006837	0.7801512709261225	0.7102262174342623	0.6937663258055959
0.6201498925392287	0.6041126874927861	0.8721818402001328	0.6454682994779196	0.6662819324783477	0.6609743292718322	0.7731390808659313	0.6759688434018061	0.7171245339411673	0.6932826452719353
0.6175368209437908	0.6016468922597384	0.87101675524339	0.6431779837255272	0.6739952002255907	0.7696070927512333	0.6732111219290614	0.6727072751657816	0.7104045565638045	0.6935776746118104
0.6184510627693355	0.6052202130803617	0.8655618639296469	0.647123662883989	0.7727707506739506	0.6593809764206406	0.6767282036584679	0.6729536035543896	0.7103519956155179	0.6954231105300933
0.6157556080291743	0.5998481366765606	0.8704376170297083	0.7539003988192204	0.6717162658697653	0.6580427699028623	0.6745604636866857	0.6730932316012385	0.7105028743028071	0.6942772521031595
0.6378509820961212	0.6228590980209561	0.8011592516513452	0.6631013511695478	0.6851803935748478	0.6699117875703552	0.6865775220284122	0.6872901394958971	0.7161200079115293	0.7019304780124013
0.6227945970328603	0.7288830710379638	0.6467766294421031	0.6476243748888454	0.6658549466820265	0.6589172057056795	0.6749880349559455	0.6752157769255275	0.7127975818205494	0.8836382566705521
0.6041603064476059	0.7495953017966714	0.6419526474453174	0.6396300672708042	0.6624081191158133	0.6519215622363807	0.6691450013126732	0.6651102256982561	0.8216447472100715	0.815838746821159
0.6230511278171932	0.7309218771537116	0.6503183114192362	0.6459846206034398	0.6677853547704888	0.6639647759285727	0.6739079624180039	0.6746854988982172	0.8951078994387787	0.6976858779416368
0.6047004164746218	0.7456970743604897	0.6408817995442	0.6342694467789131	0.6615380182820683	0.6512128610617324	0.6657408630916653	0.7930510407343928	0.7017764782095828	0.8087209180837803
0.6050674331604762	0.7503242173050138	0.6407170925305659	0.6343999329518641	0.6610717692188148	0.6505981949763809	0.6654995491251002	0.8006388315636392	0.8210850634081565	0.6865745765898746
0.6153974223302724	0.71831870607236	0.6523360688462641	0.6413192668580029	0.6683776146747024	0.6621943298899028	0.6759959976426464	0.8682908432129282	0.7111641917074615	0.6945021371973424
0.6058794886820358	0.7489106901218011	0.6409702879938317	0.6342859990195015	0.6600055088400438	0.650395601696688	0.798712368230917	0.6598358536202846	0.7006274853352996	0.8124975388689988
0.6051969315191856	0.7465648804954502	0.63747910595455	0.6403343975749092	0.6600602656674462	0.6505389500257659	0.7969980585359807	0.666985382977847	0.8198810421584099	0.6887822834294776
0.6040653219519354	0.747754906905288	0.6366849212076915	0.6316049085365739	0.6581225395294779	0.6479539682109444	0.7973041131431123	0.7963836613750592	0.7002996261942213	0.6861640661450862
0.6160104966735299	0.7373913602147352	0.6437187360661142	0.646365152789233	0.6666936614918063	0.6573252527703051	0.8991801325312933	0.6680666770653998	0.7059948368400423	0.6897431509485903
0.6033692549849697	0.7466442243787644	0.6385939222144703	0.632577244803849	0.6591463000971138	0.7860992789326868	0.6640738308026079	0.6632059136394605	0.7021058769146055	0.8108229321125453
0.6018068613278521	0.7475917426934151	0.6437379985980426	0.6341345047366614	0.6580512050495224	0.7857858881015135	0.6667824108272009	0.6653143676306935	0.8181091034269906	0.6870869606932507
0.5969826443350944	0.7529272743417	0.6365268999550793	0.6308342791989842	0.6553814878447435	0.7872429182547559	0.6641961296043658	0.7961090144913319	0.6972506852517467	0.6871143363480302
0.601743162919737	0.7461631057358918	0.6354191706458435	0.6296954149478358	0.6545697836473181	0.7869164934071956	0.7943514604124228	0.666267914636684	0.7002894132955392	0.686219145274369
0.609289779416043	0.733620845312504	0.6403522111253039	0.6405854677928506	0.6700795425997548	0.8922453621691424	0.6703920877080755	0.6737196618217289	0.7050441328373208	0.6913306759121198
0.6017516633223252	0.7466210324371065	0.6330884177837728	0.6345526966199581	0.7954408855229057	0.6539529790024433	0.6690871942758013	0.6620884358609409	0.7009796047155883	0.8153711458463376
0.6050161574817931	0.7470444617932806	0.6404467051128991	0.6364645785697614	0.7902336077893815	0.6538929589827119	0.6667281007383156	0.6660132066776924	0.8176277705514841	0.6856824334397859
0.6045420839680016	0.7468343058044576	0.6332308533614405	0.6294877328260087	0.7935963640805606	0.650714433872482	0.663632477561103	0.7961450140817499	0.7014664614797471	0.6854410646242203
0.6042858028653647	0.7457950576350952	0.6369092690489367	0.6312434685413623	0.7886071929085949	0.6515790756563059	0.7911558516432471	0.6656670484306556	0.69895830786833	0.685701905350588
0.6052922856362123	0.7472254795905714	0.6337447416225229	0.6300974341935947	0.7939360143168527	0.7812211294714579	0.6617566212670731	0.6590705048792822	0.7014579253708612	0.6854320702936778
0.6149629995764171	0.7216752289351482	0.6477013357916182	0.647784138491911	0.8730672479390591	0.6594051463620448	0.670623038124667	0.6704498697708348	0.7087206072948052	0.6966652716688492
0.6062877368129317	0.7410042254355153	0.6376450152553905	0.7714024249458474	0.6586379560743758	0.6497372069515608	0.6648821288186479	0.6616847140839506	0.6984156410558622	0.8070072582310335
0.5970135121205704	0.7494676596500024	0.6351476172694843	0.780197930976793	0.6582415087366488	0.6525530115604153	0.6663892057087012	0.6654941514855819	0.8147375456627584	0.6865992555391614
0.5976934275241173	0.7376168890305405	0.6354775971646731	0.7751802770972626	0.6598624365564982	0.647035349667585	0.6634422849810598	0.7943557164940681	0.7023310370959509	0.6837069042119702
0.5979214402647094	0.7354579270722005	0.6393400403458097	0.7674909431799445	0.6616363143880392	0.6468200783380083	0.7850994941530834	0.665903864569864	0.702083346135045	0.6864981281282068
0.5962291888548827	0.7341254799061078	0.6354104294800484	0.773448658022409	0.6609510619092001	0.7707257821960872	0.6619376950846411	0.6650317311561762	0.7022359207923513	0.6850590010886906
0.6121955999739911	0.725350425907348	0.6319370616303511	0.7521227701208347	0.7715841642422658	0.6567412049806826	0.6682568610761676	0.6646898596618485	0.7061815318091685	0.6865506123668456
0.6068455788276779	0.7239028387407371	0.6422436282260742	0.8675432034985127	0.6671578199078424	0.6604336008577972	0.6732964307746533	0.6687194295488721	0.7073333301785161	0.6912589860153897
0.6102093854141885	0.7397644142398884	0.7728853229039293	0.6335122966235866	0.6586608198785763	0.6480814488051764	0.6650560144229881	0.664805151294513	0.7012462290761106	0.7997830611089473
0.6057437721918343	0.7373801109618794	0.7692542618029566	0.6376266309096013	0.6584931715790509	0.6548937294929902	0.6681561058299032	0.6643287615556803	0.8149936033873766	0.6867575787290695
0.6066277575546779	0.7292561786435715	0.7628126952261231	0.6374234010819728	0.6593879891205905	0.6515299807657174	0.6641966294529643	0.7733947671605268	0.7103838487388783	0.686064810404271
0.6031587771606356	0.735998376158898	0.7674964248100229	0.6270612723108828	0.6581270213829491	0.650895277223859	0.7939156486691985	0.6602945914899241	0.7024173768906417	0.6929227824469214
0.6125183732937879	0.717941197161578	0.7556852963645641	0.6358774683334664	0.6566720506722354	0.7628127027517556	0.6715132019390069	0.6655072226213471	0.7065442652368434	0.6872873851162328
0.6076681963206497	0.7226689405197703	0.7613833700782665	0.6305331114615039	0.7716310646682117	0.6564292382648344	0.6681457422148177	0.6645117363895052	0.709788125967639	0.6865744239871418
0.5997908666389057	0.7121320736677573	0.7420152397010976	0.742740203106079	0.675969031808811	0.6542300745906132	0.6698534722653798	0.6688551242809047	0.7073157649644359	0.6914585027493454
0.6081643597156062	0.7223660869799077	0.865920519904049	0.638097642870657	0.6743011647723548	0.65904176956822	0.6693485227342568	0.6739221692292998	0.7053885012044887	0.6910212786349822
0.6247915938103359	0.8355564634212636	0.6422057041969028	0.6422552398821403	0.6660152377750438	0.661750344147082	0.6708919794107949	0.6676442649160469	0.7008004828369359	0.7954213180927672
0.6148827236884873	0.8328916085154786	0.6543796728703514	0.6422478635643915	0.6672287174583406	0.6620847428150635	0.671739241189061	0.6717072553156626	0.7933491675695757	0.6951222494762634
0.6136582906966372	0.8321794810874534	0.648656681261632	0.6391327384424164	0.6643185832635176	0.6593358052849915	0.6689806873850558	0.7683091695797201	0.7087344876018958	0.6967072150666899
0.621293195381767	0.8207915554435071	0.6506207333615697	0.6411908176482866	0.6650486243862029	0.6548521077424468	0.7567157123618941	0.6761007010935364	0.7089621549824658	0.6943561237855086
0.6174455260919717	0.8197482811838717	0.6469364563804957	0.6424431083759019	0.6642721441354098	0.7497965246815582	0.6730289150751283	0.6719549178625448	0.7100018214842579	0.6922776585687415
0.6134865705814617	0.8294898266725933	0.6470231164924971	0.6396395029040916	0.7595786871974813	0.656037949297633	0.6719246104293458	0.6750528280028778	0.7091772367716739	0.6949319280802108
0.6149165327049485	0.8183388853778498	0.6449664636693974	0.7339765252496989	0.6695739405350025	0.6574625584262915	0.6729056330017613	0.6674632824694085	0.7088845510349794	0.6951045883340747
0.6116978623714616	0.8267104304936461	0.7341728829947091	0.6391923927220401	0.6718312132591832	0.6569552224106522	0.6729150021767911	0.673070868346675	0.7098763905485536	0.6923348218428357
0.6245333056640972	0.836903409700576	0.6585465372051862	0.6538766414393028	0.6750988910791493	0.6702370610795031	0.6795733069080957	0.6801277782816967	0.7086892431051408	0.6969455249263191
0.7429812857513117	0.6078854862556852	0.651259861461814	0.6472720283287387	0.667071282481344	0.6621358978550039	0.6722225782026633	0.6752572697720142	0.7108915105290244	0.8877100177708784
0.7637620528274167	0.5928876190833741	0.6382708626964112	0.6382435033269461	0.6677284096448916	0.652097782696384	0.6701853324513424	0.6667745873747594	0.8212376810905376	0.817522527349999
0.7473082032199151	0.6110731570129566	0.6495628947134335	0.645379314350136	0.671486282596521	0.6642328573242927	0.6716842958596	0.6746009994440794	0.8952361021181227	0.6984468529159311
0.7628095318333161	0.5912440725632867	0.6365074221622189	0.6352862726142357	0.657825842975253	0.6500991685659967	0.6689655228320317	0.7993027921517661	0.7029877299971898	0.816433463935998
0.7600975157636959	0.592869540596232	0.6369101320740727	0.6354591337216952	0.65942184281709	0.6541976561540416	0.6680962913302098	0.8005334523092039	0.8269592006017462	0.6894376369808235
0.7273033164727644	0.6080549490943881	0.6517844519538633	0.6417094481799043	0.6680538267399084	0.6629798610090482	0.6748040829627475	0.8690214768831159	0.7116092232342768	0.6959711392168273
0.7612398899581151	0.5907681363148366	0.6332766398386048	0.634855606831563	0.659189348004522	0.6527195254425298	0.8032546794319165	0.6663723872867504	0.704550316960351	0.8169370298343143
0.7646943685679728	0.5935844887858079	0.6370999516173256	0.6373859031773358	0.6591017900517482	0.6553658406765061	0.7972527496004611	0.6669750667471873	0.8201626356576922	0.6887926208029721
0.7534937169264884	0.5922863202302705	0.6371547772980131	0.6376035839699265	0.6592600902431831	0.6536060924060657	0.7843913055488458	0.7893469070764605	0.7057937201936423	0.6894387612339629
0.7474306838132604	0.6028555337556704	0.6470072474262224	0.6459430791887281	0.6661731884990845	0.6561172975778035	0.8952936336307389	0.6732569731785677	0.7066972796899681	0.6918001736263916
0.7551581653677992	0.5948483583832216	0.6335283229072003	0.6368049931702907	0.6601685330462459	0.7828759734214366	0.666742781687363	0.6650744834876399	0.7009844594677439	0.8146277998683945
0.7608583353258863	0.5927636744053429	0.6349397584561698	0.6397296762467789	0.6590907790641545	0.7846725050755793	0.6679511257923972	0.6661821046640463	0.8202041017678367	0.6881755447213527
0.7570344826810326	0.5867692220363432	0.6366156653273931	0.6321617619584472	0.6559522203713295	0.7833032940628416	0.6665412224006317	0.7956751828090271	0.7027977195394234	0.6898208927091883
0.7524185590608798	0.5866266203978283	0.6386094291215453	0.6354705622043048	0.6583190083553685	0.7826309703433896	0.7933253885374013	0.6651339671548625	0.7025583746509695	0.688591220981242
0.7531557895437747	0.5995794068541921	0.6422404398914774	0.6415134476683212	0.6688932910488502	0.8925852405625473	0.6713054099096611	0.668635360089508	0.7051333768690383	0.6898373708156264
0.7593080369149331	0.5943758110475049	0.6319352443789512	0.6379233500222478	0.7941903524439705	0.652329704346638	0.666165679473505	0.6655113810595211	0.7013203016947652	0.812604783074657
0.765216702490143	0.5969889407316027	0.6358644809534634	0.6301935956083939	0.7946541549502521	0.6532070373260144	0.6669666872178838	0.6662744255940358	0.819229076307513	0.6907080937566523
0.7696964932079613	0.5895709966972024	0.6323902167064583	0.6279807724007925	0.7930210406901413	0.6497408456155028	0.6626948966770531	0.8069854859870315	0.7014671202002144	0.6854417587050593
0.7471089204131556	0.5904623553415619	0.6393899430681259	0.6358925642035853	0.7883483542306234	0.6514797885780611	0.7898178082821729	0.6650298535471452	0.708171108113748	0.6872881844016272
0.7497618813673365	0.5859597714227431	0.6371498315994817	0.6331143214351752	0.7854551078869908	0.7827992186097946	0.6670524620261652	0.6653902332756688	0.7072207195908205	0.6872823844180666
0.7347489971520346	0.5980856936837705	0.6468641263732897	0.6450049907132645	0.8764948037687531	0.6638686317500601	0.6779409170189895	0.6727125436259563	0.70890827297365	0.6941946211514622
0.7585521431773247	0.5927251879406076	0.6361213237283128	0.7744783758972617	0.6570311478387085	0.6519859423696693	0.6645599941086827	0.6657471666372075	0.7010994117169427	0.7997759433370273
0.7608409705426464	0.5859962615323331	0.6414541553137614	0.776626859143927	0.6613079650562825	0.6446672373743786	0.6693921551614049	0.6665406073418024	0.820130141106029	0.6852705518761747
0.7529801703918321	0.5847286956532519	0.6348345778025831	0.7675011362457527	0.6648060519888137	0.6469157215864659	0.6670810908415294	0.7894482622923718	0.7022945900443218	0.6866758213538626
0.7431569508511984	0.5901996471777149	0.6366597897876983	0.7654084930115312	0.6571958373593212	0.6530983110424183	0.7864869093428908	0.6665553274701743	0.7034811990627199	0.6895175162688446
0.7464520775188576	0.580735725034171	0.6325285016247568	0.7636092588205374	0.6610088807487403	0.7828873619502864	0.6671721533097806	0.664064927405646	0.7050160729940335	0.6898832455067829
0.7423106348698169	0.5828311061759942	0.6451146093428343	0.7594431197506574	0.7718962407004831	0.6567992409117499	0.6667911484176979	0.6650656992123689	0.7085597104096565	0.6873621816330073
0.7359798821010904	0.6022365979207264	0.6464387922155535	0.8747073976368667	0.6732604615844292	0.6565238979501277	0.6691476450236491	0.6646822363526947	0.7061748518172786	0.6865288338091194
0.7455486080294078	0.59621959113861	0.7607307537886688	0.639600655735985	0.6629962271517975	0.6512174577506338	0.6690836203405226	0.666951138536156	0.7026505346835166	0.7983206610800467
0.758631192276899	0.5822371354714763	0.7760982998944915	0.6409372236303488	0.6640816794217802	0.6523838115842516	0.6700245377990487	0.6632099412535185	0.8181484791738438	0.6852790276707872
0.7433890893351967	0.5954356986711374	0.7585066325397877	0.6340889402335334	0.661479355807992	0.6458619383137966	0.6663132890744631	0.7852944451750583	0.7100344075039775	0.6894109267844196
0.7499216793219171	0.5976305532001698	0.7529807266644593	0.6394125417871217	0.6637064691955269	0.653642921115239	0.77676690499542	0.6610734698470092	0.7037260346197289	0.6858140815191233
0.7410798376584459	0.5928039905677695	0.7577217888137428	0.6344480671806801	0.6553697705434544	0.7744230258191568	0.6696463879039359	0.6654920335786453	0.7065422139329086	0.6873521561201815
0.7480796883983852	0.5817848252447452	0.7667552767998478	0.6292663810783328	0.7919440579026981	0.6546963097596509	0.6686072814666277	0.6649966674725549	0.70594698766491	0.6860484873811876
0.7286713006465154	0.5849323682463721	0.7509604325387389	0.7493940242831031	0.6644797194074015	0.6540703875537474	0.6684657866337774	0.6645436864186457	0.7069967514561449	0.7022709362365793
0.7162369715561603	0.6085059016104805	0.804930063520933	0.6519211404755209	0.6720217984412565	0.6633404221965765	0.6777698029280413	0.6771393787548137	0.7103628276161697	0.6935071070778347
0.7287117031294802	0.7192486589828709	0.6353702763865697	0.6395038399105716	0.6651343158591269	0.65137347876587	0.668117014931602	0.6670172047011123	0.7034434876522447	0.7951524052513406
0.7405594335505666	0.7282399003728192	0.6287761337072763	0.6413617817972576	0.6569566424933041	0.6545667860730973	0.6704241797186032	0.6649771417786055	0.8030679936021901	0.6906317988411086
0.7239832340161178	0.7142679830150981	0.6370388950456903	0.6427192228599967	0.6688338512414057	0.6534044498548438	0.6701146299653092	0.7568024745058786	0.7027116387785143	0.6893980903976865
0.7267807780086651	0.717534837936009	0.6362060857363072	0.6384893622604343	0.6524827953463986	0.6503730260584718	0.7633912899544583	0.6763217350796688	0.7090148686688134	0.6934240751903733
0.7115371250997412	0.7032893635028901	0.6430907964021068	0.6327348747329233	0.6728248349954507	0.759096621380606	0.6707781738785528	0.6688589728500599	0.7050515961718595	0.6898539293418853
0.7210515883448176	0.7062096592996436	0.6343059068060324	0.6317122912910919	0.7522424229982926	0.6622912600374693	0.6715086802374743	0.6767547953736927	0.7090200442577588	0.6935327720021255
0.7026673113496534	0.6947762136897667	0.6500411334374816	0.7255246110366941	0.6703953425948094	0.6573234181164448	0.6729951784277208	0.6734504540356411	0.7101681441802542	0.690863594546103
0.7046806113697487	0.6898183307531449	0.728993731080365	0.6436111059952571	0.6725523285334744	0.6571588647822907	0.6749135089562343	0.6728778265987605	0.7095898374377134	0.6930798046113406
0.6913812734334429	0.7767568581790461	0.6428983227198212	0.659848770632717	0.6785586711849679	0.6563230348594659	0.6791413913469506	0.6746103920094788	0.7090958815636176	0.6896760698886963
0.824908524732218	0.6011356344079256	0.6515313798915754	0.6503927500836361	0.6728430518417634	0.6627312610623216	0.677925125177959	0.6746564710921322	0.708421652914489	0.7741880114539969
0.8262753947531462	0.6045398042568767	0.6498216907524297	0.6515025586578404	0.6732604490692674	0.6636793119575231	0.6788304666405527	0.6732409717176704	0.78713019527165	0.6935077973274728
0.8243900190883883	0.6007713596066748	0.6463240971427885	0.6488505748399405	0.6708804348569998	0.6607081508058682	0.6747443365963913	0.7652486245895968	0.7124201579741138	0.6930417100583123
0.8250335962966379	0.6022344567068727	0.647620252116466	0.6501260662307571	0.6722436968019731	0.6619811755621993	0.7545831187463982	0.6751645159905014	0.7124895543874702	0.6930646945823773
0.8518096974061872	0.5888868068800109	0.6428099541629846	0.647711383783189	0.6605251681803911	0.7630009033144355	0.675190328691083	0.67983315435096	0.711103580774699	0.6929543631375331
0.8519480388295589	0.5921845774748331	0.6454187473048029	0.6454794024303173	0.769688216213671	0.65601787741834	0.6748266908500967	0.6743907651225584	0.7117271642776346	0.6934219754616419
0.8313175801684999	0.5921096987445502	0.6504178172151974	0.7471030148106416	0.669682384122879	0.6569125842196069	0.67151861828777	0.6745880394965896	0.7095759431564895	0.6934348570861532
0.8157418068294609	0.6117311188474146	0.7285452950014555	0.6485389198284733	0.669717452507318	0.6560998875502457	0.6768060129980228	0.6747269993733935	0.7098274751756437	0.6898600246462541
0.7886663449856507	0.6955079532053407	0.6529119104965842	0.648951703637657	0.6695821529910069	0.6563548507752255	0.6755260271956474	0.6748105358942625	0.709964785020994	0.6895824800471833
0.831196302139905	0.6087793693456577	0.6592807814587375	0.6580846913897612	0.6800761243482969	0.6685183173105072	0.6834437969905908	0.6814239336996429	0.7142270614205641	0.7006859900199896
0.6309532292662239	0.6162353037723735	0.663478398009872	0.6603190808731981	0.6803999325958863	0.6753330813582681	0.6891565848218674	0.682933997351421	0.7208132965341426	0.9279366981193089
0.6268571217634517	0.6120184811086674	0.6597772124153805	0.6557562184066759	0.6805001008139231	0.6684618942504452	0.6841718674604659	0.6807871119452299	0.8267373703297374	0.8203252515865506
0.6331033559563978	0.6189182144398984	0.6623385365590245	0.6615553492920323	0.6790250879537633	0.6787646884269893	0.6891082039589005	0.6865367487497033	0.9316317268670405	0.7071677118793804
0.6248344489412351	0.6098583317372329	0.6577792614872858	0.6545824464792671	0.6754693144192246	0.6710554452038456	0.682930451835651	0.7960425650853279	0.719353342317711	0.8098831530306491
0.6255751247790451	0.6080945009605283	0.6563515290209294	0.6545704985751628	0.6768659581087771	0.6694787558756641	0.6848102568601849	0.8057967752360431	0.828666888008043	0.7053352421365224
0.6277256728863293	0.6126839156340116	0.6612694516801633	0.6582261041596743	0.6812324368286643	0.6728725542422289	0.6816847712306436	0.9310340775014998	0.7221792770308054	0.703455291340495
0.6247860589999892	0.609385021907956	0.6574073014840943	0.6536088498534196	0.6770332606057874	0.6691710666353095	0.7994863701118052	0.6825077143017401	0.719599127129782	0.8107382501602994
0.6241377594372864	0.6096149613778364	0.6571410123724198	0.6526318354408004	0.6767908478761739	0.6693202811531568	0.8068953942573879	0.6843738668928552	0.8257811424687614	0.7050271352439163
0.6240812102551164	0.6093957338238918	0.657966732425882	0.6520007885064983	0.6786191402338532	0.6669561502346389	0.7932479352886246	0.7925880985729604	0.7175397040141602	0.7029832411480125
0.630149140976413	0.61587392496811	0.6595410875935055	0.6530753536798992	0.6800147915123838	0.6729371191181439	0.9119296759365015	0.6865739808785166	0.7227847028452565	0.7047875610816361
0.6266345708984505	0.6118686711466285	0.6536011569765403	0.6512362986177365	0.6793576359267276	0.784777055454951	0.6830564331609752	0.6820970396795156	0.7150833677585382	0.8090491460638961
0.6237887466784711	0.6091660448879248	0.6545916247675516	0.6538568082719134	0.6783500663961319	0.7934625854217219	0.682602992642787	0.682298459071515	0.8256680948746471	0.7028090739062
0.6233913990802042	0.6058216782115545	0.6519381562412813	0.6522736034085084	0.6743587350790479	0.7838722547074932	0.6857067056041631	0.7926246711362686	0.718814150707237	0.7050893466257283
0.6229703404924875	0.6083564702569252	0.6529200810958683	0.6528181935690507	0.6751857329192914	0.7844211322541304	0.7959760479048214	0.6813481362516437	0.7156620867855512	0.7043340035870622
0.6264699049487976	0.6110420066496189	0.6557180067799445	0.6552393977790921	0.6810604967704814	0.9077297296916503	0.6862329288402213	0.6858188511394151	0.7212634662972445	0.7056462334484479
0.6246724443526234	0.6095664106550799	0.6543982910060505	0.6527665124558293	0.7947924663742499	0.6667641242811572	0.6863919526147472	0.6827262178538349	0.7192086273178503	0.81131504816937
0.6242330489310612	0.6097698658318631	0.6550490967218795	0.6537805012337123	0.8000895026735168	0.6699732162449931	0.6836796128574252	0.681922461344466	0.8257801635491766	0.7047931981627434
0.6214132237499156	0.6061328465075803	0.6539001450963526	0.6526592317310069	0.7922422514992398	0.6694816850660795	0.6844641474933602	0.7958585374421033	0.7195329173868407	0.7020664871638755
0.6218025692360962	0.6064946106001184	0.6525432284777309	0.6526251540912532	0.7965139385577429	0.6674191423866943	0.7970482890084759	0.6839608041114238	0.7191745624488689	0.7020706131841081
0.624211855694103	0.6087556423476277	0.651647203209938	0.6510161079135148	0.7901233124839299	0.7842163476679689	0.6813404563997769	0.6801426958733509	0.7182498751325895	0.7022357732120589
0.6287036212601961	0.6135606139248433	0.661382653043891	0.6572605554644957	0.9201490480204113	0.671069170896737	0.6804557798141945	0.6841380422391291	0.7207662800378323	0.7064897857217635
0.6240988770272909	0.6086533799967461	0.6510969745736247	0.7762312109340511	0.6747679418403472	0.6701063714623509	0.6827479245559245	0.6795202263447596	0.719515582048315	0.8076305469104396
0.6236911723273845	0.6078999244936746	0.650537682309316	0.7758855692170942	0.6780305421369225	0.671784424990805	0.6844085143139653	0.6833788310610593	0.8184992766736635	0.7056190559743717
0.6224522637665239	0.6071937122289537	0.6544139018934855	0.7762082096010349	0.6788646174788393	0.6681560525455248	0.6805024827615919	0.7920212938834111	0.7149270383165238	0.7038262083704296
0.6220664909871027	0.60720951069844	0.6521851430097426	0.7693730726245825	0.6761596941214491	0.6709446879360842	0.7893079239246031	0.6802858068150448	0.7172083118060944	0.7021491623129881
0.6232515579080756	0.6086813151866031	0.6533861764795104	0.7601462263080883	0.6780171391595447	0.7735277942400666	0.6795159715470539	0.6812873195414912	0.7155962439935705	0.7050305875975755
0.6230326469174339	0.6069292466525804	0.6507810201634998	0.7683618757326797	0.7835865652185783	0.6697657546476881	0.680756807683274	0.6813680418735368	0.7157486786042181	0.7042995242994408
0.6295276863698839	0.6136368107764145	0.6567556108447855	0.867614542498918	0.6810525550438145	0.6683186196824522	0.6793840912476207	0.6852656532147494	0.7210059024078604	0.7057041490773861
0.6241371749843081	0.6076265799907704	0.7734134684798966	0.6534410725780342	0.6749540861040055	0.6697870014399007	0.6841462331938344	0.6833956448714249	0.7191859447308886	0.8014612533010751
0.6235900137893415	0.6074425075247335	0.7774791226178907	0.6559948601616681	0.676241292255695	0.6681359433328876	0.6811396001457314	0.6834816214502489	0.81858312443163	0.7060524692716952
0.62220394850094	0.6065933685153464	0.7784787483524995	0.6508744969000121	0.6743220350967417	0.6695731133436169	0.6835997998511604	0.7944101176999503	0.7186335262572906	0.7036121102685196
0.6215439974714195	0.605837352956625	0.7760385232537759	0.6522648619682087	0.6757256554160224	0.6690877962613496	0.7922622430113328	0.679719547855956	0.7157213762650502	0.7021103293906968
0.622622500570461	0.6063537444218087	0.772709741944338	0.649822068389903	0.6732230776973511	0.7820111441053191	0.678296824552718	0.6789143759709775	0.721075318036129	0.7014069934230174
0.626130190932541	0.6106567973881926	0.7757852952968285	0.6504627824231667	0.7871274062619625	0.6612077149825277	0.6873628058861444	0.6796080999689325	0.7163636177454714	0.7015006882920586
0.625121961664694	0.6095400521461328	0.7629295917480911	0.766009051333117	0.670378283203131	0.6723231381455707	0.6775017675827902	0.6804817408892802	0.7164194592002325	0.7036090643989859
0.6269950746185276	0.6115537885061106	0.8702459842248095	0.654832870148876	0.6853390780519655	0.6700769609577524	0.6867343560213378	0.685581053827205	0.7164607525912449	0.7021893751153466
0.6232363666936295	0.7306659477708761	0.6562865448198548	0.6516758780473759	0.6708089905251428	0.6664951336500009	0.6795439353121368	0.6806387073934559	0.716893389307777	0.7962141978772737
0.6172579311124835	0.738605599359592	0.6564586757339149	0.6516575952652499	0.6747618081716108	0.6672138888795676	0.6790811131164072	0.6795348698060754	0.8145856842877517	0.7025286055717387
0.6171328944389468	0.7309810685338226	0.6533793582719358	0.6483351676878465	0.6745491451434814	0.666764353647371	0.6789292798991342	0.784337991034081	0.715240867350299	0.7019232859640903
0.6202051673021197	0.7298364202718084	0.6498249423328991	0.6522631711605441	0.6717559100507425	0.6660534746122313	0.781019882472856	0.6807061634767037	0.7161892113643374	0.7010107674178615
0.6239196715793955	0.7393573969339281	0.6518148075898405	0.6521812688047139	0.674052824168803	0.7798378008370828	0.6836728537140507	0.6782174432250766	0.7174322701760477	0.7060710706305652
0.6161935335811209	0.728351206478881	0.6511413591981727	0.6483294341214599	0.7841834612979419	0.6631850588262694	0.6822258234630356	0.6788152355131798	0.7188152453547377	0.7009248868534657
0.620147321759804	0.7212830357774743	0.6505201335822688	0.7568555436196108	0.6730809403099552	0.6639241849980121	0.6783508550678558	0.6777292154189912	0.7174119498882366	0.7008674207302595
0.6280213903157284	0.7314371920113016	0.7693791199198634	0.6523622697565266	0.6767756246463268	0.6710810862576665	0.6828909751041835	0.678456474649502	0.7143796773685031	0.7010878112916963
0.6261962423040731	0.8329540334351906	0.6585308923359061	0.6493424986317345	0.6726577206372691	0.6684327903873621	0.6775121470071067	0.6787093587259491	0.7193441355046646	0.7007403106133383
0.7493251907600758	0.6083018210547636	0.6548683674739093	0.6498247314332234	0.6738713677705314	0.6658294172955108	0.6789211611765073	0.6829857809008378	0.7166677630328611	0.7998483205354228
0.7531922882658417	0.605318221269017	0.6562005612388216	0.650810844337122	0.6767069079548705	0.6688684860192	0.6819150045654049	0.6798477598682796	0.8147697198228744	0.6984587330881673
0.7517575248107494	0.6032669640034579	0.6544176215268946	0.6489490223072354	0.6757221517444231	0.6696516808816497	0.6836816134705102	0.7854066366384397	0.7161491566292643	0.7033270309649533
0.7468121086876217	0.6007548408122696	0.654697435539617	0.6499582389879345	0.6748353447618596	0.6644866226460439	0.7866721236465318	0.6808539195379237	0.7205212274825075	0.6997787945438282
0.7448604167539745	0.603748314514195	0.6548602657558481	0.6488740800849386	0.6735015113892146	0.7725156003657956	0.680894839605862	0.6785910433532193	0.7143169295558793	0.7032672851912106
0.7529234556427564	0.6042556938070295	0.6565616748798598	0.6553536418338376	0.7916660810567363	0.6660819679952672	0.6839689972437559	0.6774734327228357	0.722173662321819	0.6993230377828191
0.7529150259806148	0.5976294375906017	0.6570299726020491	0.7577966866921899	0.675881880661788	0.6658721071188405	0.6802838563548309	0.6809159322582075	0.7172039496731653	0.7025085112490334
0.752912021555195	0.6110318231572631	0.7683653584253107	0.6508302989919554	0.6753314093533385	0.6696292471108407	0.6814571177298548	0.6828275919643442	0.7208121951153766	0.7009300474081278
0.733467401035881	0.7241385270980644	0.6477920289121457	0.6521541684163056	0.6769494372025073	0.6631956567071422	0.6796798744343785	0.6748894706911995	0.7159664538786318	0.7043112174349296
0.831196302139905	0.6087793693456577	0.6592807814587375	0.6580846913897612	0.6800761243482969	0.6685183173105072	0.6834437969905908	0.6814239336996429	0.7142270614205641	0.7006859900199896
