1	1.67412e-006
2	6.21567e-006
3	5.33414e-005
4	6.72734e-006
5	5.77173e-008
6	0.000574797
7	0.0187818
8	1.92234
	*
1	0.00974754
2	0.0119962
3	0.00094125
4	0.0016821
5	1.66048e-005
6	0.00320198
7	0.52478
8	1.74246
	*
1	0.000633993
2	0.000693011
3	0.00427138
4	0.0277223
5	0.00500179
6	0.000236038
7	1.03578
8	0.834932
	*
1	3.24489e-006
2	1.38851e-005
3	0.000969739
4	0.00011231
5	3.83634e-005
6	5.97154e-005
7	1.11001
8	0.00304959
	*
1	0.000157594
2	0.000182837
3	0.00431934
4	1.15146e-005
5	9.5777e-005
6	0.496996
7	0.0221064
8	1.82929
	*
1	0.00393109
2	0.00304605
3	0.00308634
4	2.17075e-005
5	0.00111689
6	0.705911
7	0.609233
8	1.23794
	*
1	0.000114557
2	0.00097259
3	0.000184336
4	0.00403564
5	0.00438811
6	0.456668
7	1.05462
8	0.00223865
	*
1	0.00395256
2	0.00453715
3	0.000735562
4	0.00049072
5	0.00606752
6	0.927742
7	0.000530756
8	0.872444
	*
1	1.93551e-006
2	1.39671e-006
3	8.23657e-005
4	0.00010807
5	1.15867e-006
6	0.979967
7	0.540894
8	0.00249118
	*
1	0.000168391
2	0.00019561
3	0.000446593
4	0.000428565
5	9.25243e-006
6	1.02263
7	0.000529504
8	0.00133836
	*
1	9.98946e-005
2	7.43812e-005
3	2.5857e-005
4	0.0040631
5	0.501577
6	0.0150317
7	0.0101439
8	2.0839
	*
1	0.00198523
2	0.00716974
3	0.0035864
4	0.000698706
5	0.667933
6	0.00344058
7	0.713999
8	1.21573
	*
1	0.000734147
2	0.00301418
3	0.000155784
4	4.81092e-005
5	0.469351
6	0.00147869
7	1.0712
8	0.00426623
	*
1	0.00756547
2	0.000645095
3	0.00107746
4	0.000396647
5	0.627577
6	0.574151
7	0.0105538
8	1.22268
	*
1	0.000269027
2	0.000336836
3	7.37059e-005
4	0.000948155
5	0.59233
6	0.608571
7	0.696858
8	0.000333134
	*
1	3.51169e-005
2	3.798e-005
3	0.000852571
4	0.000596724
5	0.445691
6	0.910431
7	0.00769133
8	0.000949619
	*
1	0.00234862
2	0.00184119
3	0.0111684
4	0.00305849
5	0.944732
6	0.00485491
7	0.0327211
8	0.952378
	*
1	0.00477065
2	0.00714345
3	0.000216755
4	0.00905056
5	0.861034
6	0.0254124
7	0.584496
8	0.0029437
	*
1	0.00481649
2	0.00806677
3	0.00105754
4	0.00056543
5	0.891931
6	0.462137
7	0.00270835
8	0.0017204
	*
1	3.46737e-005
2	2.59731e-005
3	0.00017445
4	0.000158138
5	1.00413
6	6.89895e-005
7	2.24672e-006
8	0.000129154
	*
1	0.0127729
2	0.00951068
3	0.00353427
4	0.499437
5	0.0571246
6	0.0150915
7	0.0101849
8	2.08169
	*
1	0.0661126
2	0.0491814
3	0.0485348
4	0.583575
5	0.080532
6	0.120325
7	0.624831
8	1.24497
	*
1	0.00582877
2	0.000595636
3	0.00673136
4	0.485707
5	0.00292565
6	0.00133955
7	1.08914
8	0.00282803
	*
1	0.0385276
2	0.0258519
3	0.0322698
4	0.631133
5	0.00360555
6	0.65187
7	0.0216065
8	1.13738
	*
1	0.000519952
2	0.00180695
3	0.000972151
4	0.589899
5	0.00500643
6	0.606309
7	0.663483
8	0.000231333
	*
1	5.37205e-005
2	3.66688e-005
3	0.00027358
4	0.465533
5	0.00217722
6	0.945407
7	0.00217956
8	0.00106555
	*
1	0.00843377
2	0.00921887
3	0.00237939
4	0.631483
5	0.632918
6	0.0639486
7	0.0186252
8	1.20768
	*
1	3.21777e-006
2	1.40978e-005
3	8.63304e-006
4	0.580007
5	0.573882
6	1.11473e-005
7	0.698874
8	0.000441229
	*
1	0.00309602
2	0.00287301
3	0.00203465
4	0.694279
5	0.650599
6	0.717244
7	0.00824634
8	0.00184353
	*
1	0.000256627
2	0.00699662
3	0.0237046
4	0.453187
5	0.892727
6	0.000786015
7	0.00364966
8	0.00540675
	*
1	0.00418541
2	0.0148052
3	0.00132896
4	0.974401
5	0.00396477
6	0.000367715
7	0.00523736
8	0.735228
	*
1	0.000209132
2	0.000418429
3	0.00536697
4	0.865862
5	0.0120219
6	0.00588471
7	0.57795
8	0.000195336
	*
1	0.000618779
2	0.0026825
3	0.001637
4	0.893426
5	0.00347889
6	0.456419
7	0.000555119
8	0.0023916
	*
1	1.09466e-005
2	5.01115e-005
3	3.79021e-005
4	0.993548
5	0.490559
6	0.000112863
7	0.0316729
8	0.0151556
	*
1	2.27964e-005
2	2.83309e-005
3	0.000264651
4	1.00009
5	0.00452885
6	0.000157969
7	0.000527205
8	0.000811317
	*
1	0.015128
2	0.0174508
3	0.498677
4	0.0295653
5	0.0110694
6	0.0151716
7	0.0219278
8	1.64421
	*
1	0.0894679
2	0.0906201
3	0.6745
4	0.0649685
5	0.0322035
6	0.00361774
7	0.668521
8	1.2189
	*
1	0.000347612
2	0.00158619
3	0.460645
4	0.00287854
5	0.000462382
6	0.00132435
7	1.02683
8	0.00350945
	*
1	0.000390137
2	0.00437361
3	0.594145
4	0.00753236
5	0.01325
6	0.625051
7	0.00360042
8	1.17088
	*
1	0.00197809
2	0.00678293
3	0.569618
4	0.0036136
5	0.00677556
6	0.606184
7	0.660032
8	0.000166705
	*
1	0.00439817
2	0.000456901
3	0.468002
4	0.0267045
5	0.0120848
6	0.903037
7	0.000630456
8	0.0052689
	*
1	0.00346335
2	0.00405207
3	0.578354
4	0.0133871
5	0.636319
6	0.0248852
7	0.00323776
8	1.23704
	*
1	0.000100702
2	0.00236692
3	0.57609
4	0.00361186
5	0.559441
6	0.000511597
7	0.682638
8	0.00346195
	*
1	0.00110508
2	0.0056726
3	0.615821
4	0.00633056
5	0.580018
6	0.543548
7	0.00111841
8	0.00108049
	*
1	0.0117009
2	0.00751786
3	0.467531
4	0.0226614
5	0.884823
6	0.0356902
7	0.00459759
8	7.8533e-005
	*
1	0.00552602
2	0.0189256
3	0.691672
4	0.534145
5	0.0205738
6	0.00393803
7	0.00615411
8	1.18986
	*
1	0.0104547
2	0.0363517
3	0.632617
4	0.549989
5	6.88847e-005
6	0.00374964
7	0.660305
8	0.00023295
	*
1	0.0184767
2	0.00448252
3	0.654792
4	0.572114
5	0.00190308
6	0.593617
7	0.0145827
8	0.0109778
	*
1	0.00159122
2	0.00587617
3	0.628435
4	0.545406
5	0.555903
6	0.00447049
7	0.00165435
8	6.73883e-005
	*
1	0.00428598
2	0.0179078
3	0.47902
4	0.877061
5	0.0341286
6	0.00439442
7	0.0135823
8	0.000760774
	*
1	0.011322
2	0.0126166
3	0.948667
4	0.0534714
5	0.00750976
6	0.0273469
7	5.99948e-005
8	0.967709
	*
1	0.00904611
2	0.0334573
3	0.902704
4	0.0339327
5	0.00779206
6	0.00406441
7	0.533027
8	0.000749873
	*
1	0.000301083
2	0.00274719
3	0.894366
4	0.00919227
5	0.00166351
6	0.459708
7	0.00463735
8	0.00147357
	*
1	0.00115994
2	0.00360954
3	0.858607
4	0.00769748
5	0.513327
6	0.00324784
7	0.0101513
8	0.00256604
	*
1	0.00915121
2	0.0723536
3	0.94631
4	0.314165
5	0.0224787
6	0.00399639
7	0.00133749
8	0.023513
	*
1	0.00303532
2	0.0112262
3	0.999624
4	0.0232578
5	0.00861228
6	0.00450275
7	0.00826192
8	0.000845368
	*
1	0.133014
2	0.680062
3	0.196579
4	0.0285665
5	0.0123206
6	0.0289534
7	0.0178373
8	2.06658
	*
1	0.15669
2	0.731876
3	0.118728
4	0.0319655
5	0.0129663
6	0.00237488
7	0.667806
8	1.11508
	*
1	0.11551
2	0.441217
3	0.0154238
4	0.0224648
5	0.000518425
6	0.0324755
7	1.03962
8	0.0315663
	*
1	0.172986
2	0.706632
3	0.0548731
4	0.00437496
5	0.0153386
6	0.599811
7	0.0251881
8	1.17887
	*
1	0.0591252
2	0.600911
3	0.104336
4	0.000683887
5	0.00585082
6	0.593832
7	0.650281
8	0.000226168
	*
1	0.111634
2	0.510455
3	0.0324333
4	0.0251155
5	0.0129667
6	0.867262
7	0.000787743
8	0.000945893
	*
1	0.118392
2	0.698934
3	0.0603504
4	0.0358814
5	0.595792
6	0.078161
7	0.0271882
8	1.15881
	*
1	0.0277768
2	0.639359
3	0.0507723
4	0.00562167
5	0.516686
6	0.00402578
7	0.668507
8	0.000324633
	*
1	0.0324443
2	0.608352
3	0.0518441
4	0.0409897
5	0.597006
6	0.543438
7	0.0211381
8	0.008881
	*
1	0.0210703
2	0.520072
3	0.0390645
4	0.0312164
5	0.853888
6	0.000837661
7	0.00272866
8	0.0006278
	*
1	0.0501415
2	0.694346
3	0.0601747
4	0.566549
5	0.00822157
6	0.0102457
7	0.00455166
8	1.17057
	*
1	0.0403505
2	0.656787
3	0.0510282
4	0.531377
5	0.0142405
6	0.000809938
7	0.608709
8	0.0010176
	*
1	0.0442314
2	0.665
3	0.0515443
4	0.570327
5	0.0173152
6	0.490737
7	0.0172857
8	0.00562318
	*
1	0.0448533
2	0.647689
3	0.0424416
4	0.553937
5	0.520443
6	0.00412978
7	0.000240531
8	0.0138553
	*
1	0.0825286
2	0.699219
3	0.0608159
4	0.706713
5	0.0339682
6	0.0121922
7	0.00505099
8	0.0028171
	*
1	0.08035
2	0.715656
3	0.517834
4	0.101165
5	0.00775358
6	0.0916601
7	0.0420175
8	1.09064
	*
1	0.0850281
2	0.667129
3	0.561688
4	0.0575157
5	0.0164528
6	0.000140735
7	0.558465
8	0.00241993
	*
1	0.0348735
2	0.516551
3	0.715712
4	0.0103632
5	0.0938864
6	0.469752
7	0.0397113
8	0.00495988
	*
1	0.0287278
2	0.643429
3	0.560256
4	0.00765405
5	0.52233
6	5.36095e-005
7	0.0114075
8	0.0058782
	*
1	0.0317768
2	0.470683
3	0.624352
4	0.622508
5	0.0121297
6	0.00148716
7	0.00338792
8	0.0267674
	*
1	0.0725318
2	0.573469
3	0.814102
4	0.050778
5	0.0224798
6	0.0039884
7	0.00134942
8	0.0238354
	*
1	0.0075736
2	0.98603
3	0.0326375
4	0.0416318
5	0.0058683
6	8.04993e-005
7	0.0121232
8	0.700687
	*
1	0.110982
2	0.870758
3	0.0275083
4	0.0576477
5	0.0164913
6	0.0050535
7	0.556719
8	0.0024698
	*
1	0.0588861
2	0.891596
3	0.125971
4	0.0100496
5	0.00979227
6	0.443319
7	0.0231261
8	0.00561746
	*
1	0.093821
2	0.85011
3	0.0278424
4	0.0356043
5	0.516547
6	0.00275234
7	0.0360652
8	0.00219209
	*
1	0.0375247
2	0.93419
3	0.0811509
4	0.345191
5	0.0138389
6	0.00222942
7	0.000941241
8	0.00293631
	*
1	0.0628196
2	0.948896
3	0.294995
4	0.0883023
5	0.0290396
6	0.00225224
7	0.00162339
8	0.00228209
	*
1	0.0621604
2	0.991836
3	0.101222
4	0.0423678
5	0.0190525
6	0.00108972
7	0.00165235
8	0.00202878
	*
1	0.570572
2	0.072051
3	0.0672007
4	0.0436904
5	0.00240355
6	0.0545358
7	0.00253203
8	1.87876
	*
1	0.700504
2	0.00575388
3	0.0227257
4	0.00415714
5	0.125641
6	0.0207701
7	0.619886
8	1.20287
	*
1	0.405914
2	0.0288353
3	0.0116995
4	0.00376766
5	0.000427743
6	0.0316426
7	1.06104
8	0.00415474
	*
1	0.617469
2	0.0526506
3	0.087939
4	0.0323727
5	0.0102716
6	0.57353
7	0.00692887
8	1.16225
	*
1	0.585057
2	0.072605
3	0.052234
4	0.0876606
5	0.018081
6	0.613669
7	0.624694
8	0.00309027
	*
1	0.464852
2	0.0364237
3	0.0396812
4	0.0266865
5	0.014085
6	0.89923
7	0.000775885
8	0.00465017
	*
1	0.828545
2	0.0893375
3	0.0713977
4	0.0995082
5	0.592133
6	0.0230876
7	0.0669479
8	1.23086
	*
1	0.653203
2	0.117304
3	0.0546479
4	0.0157579
5	0.578811
6	0.000965364
7	0.605896
8	0.00662847
	*
1	0.608562
2	0.0627038
3	0.0441426
4	0.00538761
5	0.596659
6	0.53376
7	0.0188139
8	0.00550195
	*
1	0.43244
2	0.0776586
3	0.0802254
4	0.010569
5	0.897251
6	0.000488557
7	0.0039843
8	0.000743664
	*
1	0.690522
2	0.0174066
3	0.0906233
4	0.568782
5	0.0113209
6	0.0104115
7	0.0064783
8	1.19832
	*
1	0.660989
2	0.0634058
3	0.0588337
4	0.571625
5	0.0230899
6	0.00545124
7	0.56259
8	0.00297036
	*
1	0.647673
2	0.0923129
3	0.0401746
4	0.53457
5	0.0165486
6	0.548078
7	0.0175037
8	0.00618023
	*
1	0.641909
2	0.0692136
3	0.0553149
4	0.543323
5	0.59232
6	0.0230596
7	0.0127182
8	0.059452
	*
1	0.472421
2	0.0529593
3	0.0617084
4	0.877582
5	0.00540111
6	0.00707811
7	0.0174793
8	0.000647047
	*
1	0.588114
2	0.0531953
3	0.735482
4	0.0675728
5	0.101448
6	0.0434906
7	0.000454514
8	1.12439
	*
1	0.481223
2	0.100932
3	0.659449
4	0.0475642
5	0.0331301
6	0.148102
7	0.627319
8	0.00364593
	*
1	0.514191
2	0.00432133
3	0.675341
4	0.0109809
5	0.0103907
6	0.539807
7	0.000187253
8	0.00512144
	*
1	0.535011
2	0.0773237
3	0.657887
4	0.0473339
5	0.52379
6	0.00634831
7	0.0114612
8	0.000274
	*
1	0.518169
2	0.0334633
3	0.675548
4	0.523391
5	0.000636516
6	0.00653957
7	0.0165
8	0.00528517
	*
1	0.605231
2	0.00671884
3	0.7959
4	0.0128757
5	0.0064253
6	0.0037543
7	0.000842739
8	0.00462552
	*
1	0.581345
2	0.544017
3	0.098658
4	0.173266
5	0.032278
6	0.0980553
7	0.00399783
8	1.41678
	*
1	0.51894
2	0.661476
3	0.0267382
4	0.00202049
5	0.00913285
6	0.00763014
7	0.634584
8	0.00077114
	*
1	0.561126
2	0.621053
3	0.0513988
4	0.074585
5	0.0268874
6	0.554155
7	0.000974786
8	0.00603442
	*
1	0.599134
2	0.558812
3	0.0686538
4	0.0889388
5	0.518176
6	0.191477
7	0.0748422
8	0.264889
	*
1	0.494363
2	0.588301
3	0.0657332
4	0.634973
5	0.0468443
6	0.0124438
7	0.00364432
8	0.00531264
	*
1	0.560309
2	0.656501
3	0.503435
4	0.00994502
5	0.0345776
6	0.00457502
7	0.0214061
8	0.00395116
	*
1	0.269973
2	0.956408
3	0.101222
4	0.0423683
5	0.0190535
6	0.000690578
7	0.00166823
8	0.00355309
	*
1	0.952288
2	0.00777355
3	0.0316303
4	0.0103925
5	0.00130845
6	0.00277985
7	5.15857e-005
8	0.832652
	*
1	0.991357
2	0.0330585
3	0.0613416
4	0.057468
5	0.0283484
6	0.00861956
7	0.384944
8	0.0514061
	*
1	0.928415
2	0.0434697
3	0.123668
4	0.0101436
5	0.0548294
6	0.351232
7	0.000226778
8	0.00550605
	*
1	0.829848
2	0.00275386
3	0.0735264
4	0.00898287
5	0.553863
6	0.0111872
7	5.41586e-005
8	0.0186514
	*
1	0.938735
2	0.0457122
3	0.123347
4	0.314986
5	0.0124375
6	0.0472644
7	1.76411e-005
8	0.00514786
	*
1	0.929586
2	0.00946265
3	0.367629
4	0.0238039
5	0.00716446
6	0.00395169
7	0.000776455
8	0.00500004
	*
1	0.746319
2	0.644507
3	0.125728
4	0.0105034
5	0.00576764
6	0.110349
7	5.64942e-005
8	0.00524182
	*
1	0.995897
2	0.00890681
3	0.0864499
4	0.0238063
5	0.00737822
6	0.00399012
7	0.000839473
8	0.0065281
	*
1	0.209653
2	0.163588
3	0.137961
4	0.0248747
5	0.0538269
6	0.0692675
7	0.0936493
8	2.24256
	*
1	0.184258
2	0.256062
3	0.156239
4	0.091669
5	0.117759
6	0.0904579
7	0.839279
8	1.47506
	*
1	0.103606
2	0.117233
3	0.0888348
4	0.0185979
5	0.0266826
6	0.0204938
7	1.09475
8	0.0955121
	*
1	0.185
2	0.213187
3	0.166043
4	0.052774
5	0.0550957
6	0.789463
7	0.136695
8	1.38235
	*
1	0.171132
2	0.21533
3	0.188046
4	0.0939457
5	0.0703502
6	0.734689
7	0.776091
8	0.294816
	*
1	0.124767
2	0.145795
3	0.129075
4	0.0763222
5	0.0519461
6	0.983614
7	0.10844
8	0.194578
	*
1	0.196586
2	0.183963
3	0.160445
4	0.0689886
5	0.748724
6	0.0644958
7	0.153813
8	1.37733
	*
1	0.133802
2	0.125215
3	0.0959159
4	0.170917
5	0.677096
6	0.142648
7	0.7773
8	0.256121
	*
1	0.197648
2	0.213792
3	0.148435
4	0.203632
5	0.591799
6	0.714204
7	0.108037
8	0.238574
	*
1	0.210142
2	0.196649
3	0.0771944
4	0.0826395
5	0.941919
6	0.0706213
7	0.119424
8	0.162973
	*
1	0.192174
2	0.217566
3	0.187934
4	0.790225
5	0.130794
6	0.183209
7	0.105014
8	1.44727
	*
1	0.174195
2	0.219196
3	0.146554
4	0.698244
5	0.121406
6	0.174983
7	0.713992
8	0.277806
	*
1	0.147518
2	0.170739
3	0.152125
4	0.601281
5	0.108508
6	0.743646
7	0.152708
8	0.24313
	*
1	0.149614
2	0.170364
3	0.0357137
4	0.688373
5	0.671536
6	0.0729342
7	0.114575
8	0.301626
	*
1	0.119957
2	0.136558
3	0.102284
4	0.954637
5	0.137755
6	0.0704861
7	0.150308
8	0.212183
	*
1	0.090254
2	0.0649973
3	0.792281
4	0.149793
5	0.145515
6	0.176148
7	0.133921
8	1.36455
	*
1	0.123946
2	0.148231
3	0.725837
4	0.0586178
5	0.153709
6	0.0889531
7	0.740077
8	0.233953
	*
1	0.110957
2	0.129514
3	0.655617
4	0.0529098
5	0.102895
6	0.728838
7	0.145439
8	0.224808
	*
1	0.0275876
2	0.100536
3	0.693639
4	0.126932
5	0.729509
6	0.156859
7	0.1987
8	0.216597
	*
1	0.085322
2	0.099026
3	0.73047
4	0.66078
5	0.134026
6	0.0439014
7	0.138089
8	0.216391
	*
1	0.107073
2	0.105413
3	0.954921
4	0.108508
5	0.146667
6	0.103948
7	0.146134
8	0.212
	*
1	0.201981
2	0.820008
3	0.138812
4	0.171006
5	0.0747839
6	0.0869469
7	0.122013
8	1.2376
	*
1	0.159385
2	0.697198
3	0.111406
4	0.148767
5	0.079038
6	0.0801275
7	0.732746
8	0.174278
	*
1	0.15605
2	0.708343
3	0.0743064
4	0.0916573
5	0.113099
6	0.6755
7	0.109211
8	0.16548
	*
1	0.161956
2	0.735153
3	0.0771188
4	0.0951264
5	0.634209
6	0.0872549
7	0.109203
8	0.165437
	*
1	0.090617
2	0.743678
3	0.109777
4	0.640574
5	0.1836
6	0.0257964
7	0.0838744
8	0.221582
	*
1	0.160267
2	0.743701
3	0.599276
4	0.108207
5	0.137547
6	0.0996269
7	0.14486
8	0.203939
	*
1	0.0598505
2	0.979649
3	0.077067
4	0.0499513
5	0.104757
6	0.0789358
7	0.132311
8	0.146565
	*
1	0.796737
2	0.151674
3	0.159028
4	0.165228
5	0.0766534
6	0.0845335
7	0.118735
8	1.3625
	*
1	0.778571
2	0.141417
3	0.148549
4	0.190485
5	0.129847
6	0.0297938
7	0.670676
8	0.242341
	*
1	0.668249
2	0.163219
3	0.119507
4	0.0692977
5	0.00932506
6	0.708934
7	0.168282
8	0.20806
	*
1	0.780062
2	0.153603
3	0.186038
4	0.180068
5	0.621705
6	0.0278553
7	0.111345
8	0.231129
	*
1	0.759059
2	0.0895019
3	0.0639411
4	0.630374
5	0.134557
6	0.00520716
7	0.00199613
8	0.219732
	*
1	0.613586
2	0.0621711
3	0.777419
4	0.0564562
5	0.115011
6	0.0090022
7	0.152534
8	0.289954
	*
1	0.605511
2	0.780166
3	0.0983091
4	0.0572322
5	0.128864
6	0.0308877
7	0.120395
8	0.305708
	*
1	0.967241
2	0.0973551
3	0.151616
4	0.0813407
5	0.105203
6	0.0780556
7	0.0930413
8	0.188558
	*
