100 59 17 
53 31 11 
48 75 35 
38 83 13 
72 92 57 
70 17 70 
75 22 32 
11 65 44 
87 45 72 
70 67 14 
88 64 10 
32 77 38 
78 63 70 
72 72 48 
83 96 38 
18 32 29 
30 12 74 
12 43 93 
88 59 52 
69 73 30 
39 69 55 
68 80 29 
28 57 80 
33 65 55 
26 34 55 
89 41 39 
31 23 11 
42 67 74 
88 17 60 
87 81 54 
75 29 91 
65 24 93 
45 57 90 
33 59 10 
47 36 93 
40 92 67 
30 11 28 
75 28 39 
25 10 55 
14 58 74 
49 15 92 
66 34 100 
49 72 87 
19 33 84 
42 18 82 
81 81 98 
50 38 14 
47 74 49 
67 92 36 
54 93 64 
75 22 26 
75 86 64 
86 99 64 
82 39 27 
47 17 41 
63 32 87 
35 100 36 
76 19 17 
50 73 77 
54 45 83 
25 99 53 
83 16 85 
25 91 96 
19 23 25 
31 75 38 
10 61 42 
37 14 59 
18 72 36 
59 30 45 
85 97 48 
72 77 79 
67 79 29 
38 93 24 
57 34 36 
39 43 51 
95 51 13 
12 83 95 
27 71 58 
97 38 87 
75 88 12 
10 40 45 
54 34 78 
39 65 59 
50 39 82 
35 42 93 
32 60 18 
35 80 18 
95 62 33 
73 51 56 
42 93 48 
52 87 83 
76 78 99 
34 51 55 
82 59 52 
71 89 31 
56 62 46 
54 80 44 
63 68 68 
74 27 46 
40 37 60 
100 58 78 
45 33 29 
41 86 98 
83 97 56 
48 24 92 
20 95 99 
34 93 36 
24 34 78 
19 66 81 
30 23 10 
72 66 41 
14 20 64 
29 86 70 
73 85 85 
25 14 76 
44 19 13 
31 78 98 
38 22 45 
88 40 28 
39 98 73 
33 28 23 
56 19 12 
89 96 73 
80 86 33 
53 64 30 
100 98 82 
35 17 80 
86 92 79 
14 97 79 
85 98 92 
40 97 67 
63 76 87 
26 78 70 
73 92 70 
45 30 17 
57 56 28 
72 43 35 
23 70 86 
17 37 96 
41 90 61 
17 56 52 
23 12 83 
71 82 37 
33 17 22 
21 70 71 
92 80 15 
22 62 13 
12 29 11 
11 14 24 
22 99 95 
51 46 89 
96 22 33 
12 49 70 
16 94 95 
42 19 11 
13 72 93 
34 30 59 
76 23 60 
42 97 21 
35 70 88 
90 84 59 
55 92 30 
80 43 53 
31 19 25 
50 89 42 
97 66 37 
15 39 62 
10 23 39 
20 94 98 
50 80 40 
24 97 52 
99 30 45 
38 43 18 
41 17 47 
16 64 20 
67 39 31 
80 34 80 
99 57 79 
90 45 80 
94 82 31 
14 20 82 
28 88 99 
21 59 52 
78 59 89 
78 88 22 
81 73 66 
60 46 25 
15 38 71 
15 34 23 
38 11 74 
97 49 10 
85 60 43 
84 65 18 
49 77 42 
80 70 20 
18 50 18 
27 74 17 
60 39 69 
47 14 37 
21 39 61 
58 25 89 
79 43 91 
47 81 30 
78 52 35 
35 24 85 
94 15 55 
26 80 55 
14 44 13 
14 28 76 
74 41 45 
94 72 10 
72 91 13 
83 12 97 
71 55 72 
24 63 74 
78 90 29 
54 66 74 
57 78 87 
34 22 39 
55 88 31 
38 74 55 
14 28 53 
43 94 41 
49 93 87 
91 91 36 
39 84 59 
17 97 46 
50 72 98 
83 38 59 
82 66 68 
66 92 37 
19 60 92 
81 68 35 
95 89 96 
46 22 69 
23 60 86 
47 73 93 
50 93 25 
16 91 46 
73 84 92 
81 72 50 
86 53 87 
12 68 59 
79 52 97 
74 67 56 
95 77 99 
74 26 64 
22 50 70 
23 38 23 
97 47 21 
13 53 77 
76 33 86 
49 53 69 
39 60 80 
66 36 30 
32 53 12 
94 18 41 
17 49 35 
25 62 61 
92 19 10 
79 67 20 
88 58 34 
99 60 72 
82 50 49 
97 70 86 
82 70 30 
87 31 47 
78 60 44 
21 14 32 
92 37 19 
98 65 56 
50 25 77 
15 43 33 
28 34 68 
82 47 82 
85 59 18 
15 79 36 
23 47 91 
89 89 38 
80 11 54 
66 42 90 
89 87 49 
60 50 81 
48 67 68 
83 51 14 
36 97 11 
94 22 53 
38 77 16 
90 56 69 
53 77 70 
91 60 34 
24 53 93 
57 49 51 
17 71 89 
56 80 19 
49 55 79 
93 82 100 
19 91 14 
48 11 43 
97 64 36 
78 18 29 
89 16 51 
12 72 53 
54 92 28 
67 50 30 
58 14 10 
15 23 81 
42 34 10 
52 57 73 
81 35 56 
84 55 68 
85 99 32 
77 25 83 
34 43 80 
54 45 43 
20 10 20 
87 55 21 
30 17 32 
55 20 48 
66 24 11 
71 70 78 
42 30 58 
82 20 27 
66 15 23 
46 77 26 
92 90 36 
56 20 98 
98 41 48 
60 35 66 
71 86 31 
71 90 24 
59 63 13 
80 69 71 
58 98 83 
42 78 65 
90 69 100 
61 55 98 
76 10 53 
43 17 26 
95 72 35 
30 67 51 
11 16 32 
85 66 44 
43 13 61 
61 15 73 
73 48 78 
64 49 43 
45 49 84 
12 63 51 
60 76 13 
49 88 78 
28 48 78 
24 95 96 
45 14 54 
69 52 48 
89 85 42 
87 48 31 
53 13 78 
16 43 19 
43 44 77 
84 78 38 
34 12 22 
49 87 20 
84 68 24 
69 80 65 
20 89 98 
31 47 85 
59 99 69 
82 91 91 
60 59 75 
50 44 21 
13 78 76 
78 23 12 
29 75 63 
97 90 82 
35 60 70 
10 54 16 
23 29 67 
51 77 41 
72 93 66 
77 76 47 
61 86 34 
16 27 75 
29 92 92 
50 86 68 
46 63 83 
19 70 49 
57 79 57 
42 56 75 
15 89 15 
38 26 23 
85 39 52 
64 42 35 
74 50 12 
40 30 42 
59 85 74 
87 42 45 
12 64 76 
79 53 39 
67 40 87 
12 12 95 
83 94 24 
85 19 24 
32 63 92 
67 96 49 
68 97 77 
49 19 75 
81 31 92 
96 10 85 
32 11 20 
78 48 77 
64 66 26 
44 69 41 
47 12 66 
46 68 18 
66 35 34 
36 71 98 
35 12 92 
77 10 44 
99 100 10 
36 80 31 
16 35 36 
64 24 24 
47 63 29 
87 77 62 
79 67 27 
13 13 72 
19 28 99 
68 35 57 
49 85 80 
29 51 35 
22 42 64 
44 50 83 
31 46 26 
49 63 59 
19 32 37 
10 92 50 
56 69 29 
52 79 60 
84 52 97 
31 90 38 
93 21 83 
29 69 23 
78 50 30 
50 52 94 
59 32 64 
62 88 48 
53 20 73 
66 89 98 
77 84 60 
35 68 12 
95 59 49 
23 31 22 
81 85 31 
90 13 20 
99 82 60 
53 39 91 
32 80 30 
27 63 67 
21 75 43 
56 51 30 
86 47 49 
63 23 78 
13 63 43 
76 44 49 
69 31 37 
74 90 70 
29 80 83 
57 18 74 
40 49 86 
26 80 51 
54 12 51 
93 65 66 
95 84 13 
52 76 58 
59 51 39 
38 98 67 
30 27 87 
97 70 96 
84 91 60 
52 92 71 
70 29 18 
55 64 47 
82 57 69 
27 79 56 
49 61 56 
57 55 22 
79 49 90 
55 45 10 
10 27 12 
50 98 73 
23 58 92 
98 86 100 
37 26 47 
33 33 67 
64 56 44 
13 42 61 
92 94 30 
46 24 68 
13 21 69 
