0.632039	1.27986	0.548771
2.37997	4.1888	4.37428
2.37997	4.11343	4.37455
2.48833	4.45062	3.44101
2.48833	4.49251	4.6116
2.4069	4.05775	8.42928
2.03247	3.4265	7.83428
1.5563	2.62342	7.71132
0.795095	2.62342	7.64826
0.420129	2.16745	6.80796
0.420129	1.67478	5.06119
0.415988	1.75994	5.7825
0.415988	1.75905	6.24724
0.164998	1.75901	5.21834
0.275937	1.76007	4.5064
0.190715	1.5973	4.5064
0.190715	1.56445	4.18033
0.281318	1.56445	4.11263
0.281318	1.56445	3.59292
0.281318	1.20775	3.59292
0.265213	1.0674	3.57516
0.104641	1.0674	3.55694
0.101514	1.0674	3.55694
0.101514	0.689692	3.5548
0.0855176	0.232974	2.862
0.0764017	0.232974	3.08618
0.0403017	0.232974	3.08618
0.0336541	0.235875	3.08618
0.00764952	0.235875	3.38227
0.00764952	0.235875	3.3003
0.00765224	0.219675	3.30271
0.0801641	0.235688	3.10746
0.0801641	0.235688	2.59665
0.0801641	0.235688	2.59596
0.104571	0.235688	2.59665
0.104571	0.235688	2.36141
0.104571	0.235688	2.36141
0.104571	0.274332	2.36141
0.13843	0.215938	2.36141
0.0845181	0.215938	2.24535
0.0845181	0.215938	2.24535
0.115717	0.167338	2.18218
0.0747618	0.167338	2.18108
0.0219924	0.0426878	2.11931
0.0219924	0.0426878	2.11931
0.0219924	0.0426878	2.09819
0.00398879	0.0426878	2.10464
0.0202861	0.0426878	1.69711
0.00315136	0.0243591	1.69711
0.00315136	0.0243591	1.69785
0.00432291	0.00259606	1.69785
0.00432291	0.00259606	1.69785
0.00432291	0.00259606	1.69785
0.00432291	0.00259606	1.47105
0.00432291	0.00259606	1.47105
0.00432291	0.00259606	0.750718
0.00432291	0.00259606	0.750718
0.0474049	0.0873439	0.576097
0.0342376	0.108678	0.520918
0.0342376	0.108678	0.520918
0.0278716	0.0970519	0.472041
0.0278716	0.0970519	0.448832
0.0278716	0.0984704	0.448832
0.0278716	0.0645713	0.448832
0.0278716	0.0593229	0.396841
0.033301	0.0593229	0.372596
0.041381	0.0593229	0.372596
0.041381	0.0593229	0.372596
0.0387446	0.0742806	0.338559
0.0399987	0.0685292	0.291249
0.0391961	0.0685292	0.27714
0.0399262	0.0862449	0.255275
0.0277843	0.0862449	0.222532
0.0023483	0.0712989	0.222532
0.0023483	0.0673553	0.222532
0.0023483	0.0673553	0.222532
0.00148416	0.0673553	0.222349
0.00148416	0.0680559	0.222349
0.00234831	0.061905	0.222349
0.00234831	0.0680559	0.222359
0.00392064	0.0680557	0.21705
0.00392064	0.0680557	0.21705
0.00392064	0.0680557	0.195095
0.0073138	0.0683929	0.174283
0.0073138	0.0658574	0.16346
0.0073138	0.0559329	0.162568
0.0073138	0.0559329	0.162572
0.000383342	0.0559329	0.162572
0.000561813	0.0537954	0.162572
0.000561813	0.0559329	0.162572
0.000561813	0.0559329	0.162572
0.000733631	0.0492489	0.162572
0.000592769	0.0492489	0.163428
0.000592769	0.0444364	0.163428
0.000592769	0.0444364	0.163428
0.000592769	0.0444364	0.15597
0.000592769	0.0444364	0.15597
0.000592769	0.0444364	0.15597
0.000592769	0.0338958	0.15597
0.000592191	0.0338958	0.15597
7.94652e-005	0.0338958	0.15597
7.94652e-005	0.0338958	0.15597
7.94652e-005	0.0338958	0.15597
7.94652e-005	0.033748	0.15597
7.94652e-005	0.033748	0.15597
0.00065677	0.033748	0.15597
0.00065677	0.033748	0.15597
0.00065677	0.033748	0.15597
0.000656679	0.033748	0.15597
0.000653954	0.033748	0.15597
0.000653954	0.0291146	0.155874
0.000653947	0.0291146	0.136103
0.000653947	0.0291146	0.136103
0.000704912	0.0291146	0.136103
0.000704912	0.0296863	0.135768
0.00067287	0.0304485	0.101389
0.000704912	0.025707	0.101389
0.00106036	0.025707	0.101389
0.00106036	0.025707	0.101389
0.00107264	0.025707	0.101389
0.00107264	0.0166949	0.0905043
0.00107264	0.0166949	0.0879178
0.00107264	0.0166949	0.0879178
0.00107264	0.0166949	0.0879144
0.00107264	0.0166949	0.0878846
0.00107264	0.0166949	0.0642085
0.00105872	0.0166949	0.0642085
0.00105872	0.0166949	0.0642085
0.00105872	0.00623292	0.0642085
0.00105872	0.00623292	0.0642085
0.00105872	0.00623292	0.0642085
0.00105872	0.00623292	0.0642085
0.000236699	0.00597772	0.0234321
0.000236699	0.00597772	0.0234321
0.00105872	0.00249934	0.0234321
0.00105872	0.00249934	0.0234321
0.00105872	0.00249934	0.0234321
0.00107264	0.00249934	0.0234321
0.00107264	0.00249934	0.0234321
0.00107264	0.00249934	0.0234321
0.000458465	0.00249934	0.0234319
0.000458465	0.00249934	0.0234319
0.000458465	0.00249934	0.0234099
0.000458465	0.00249934	0.0234099
0.000458465	0.00249934	0.0234099
0.000300156	0.00249934	0.0234099
0.000300156	0.00249934	0.0234099
0.000300156	0.00249934	0.0234099
0.000300156	0.00249934	0.0234099
0.000300156	0.00249934	0.0234099
0.000300156	0.00249934	0.0234099
0.000130704	0.00249934	0.0234099
0.000130446	0.00249934	0.0234099
0.000300156	0.00249934	0.0219641
0.000300156	0.00249934	0.0214245
0.000300156	0.00249934	0.0209876
0.000300156	0.00248372	0.020319
0.000300156	0.00228152	0.0202144
0.000300156	0.00228152	0.0121842
0.000393704	0.00228152	0.0121842
0.000362812	0.00210804	0.00334122
0.000362812	0.00210804	0.00334122
0.000362812	0.00191381	0.00164877
0.000362812	0.00228152	0.00164877
0.000362812	0.00093905	0.00164877
1.4105e-005	0.000227394	0.00164877
1.4105e-005	0.000227394	0.00333864
1.4105e-005	0.000227394	0.00333864
1.4105e-005	0.000724886	0.00333864
1.4105e-005	0.000724886	0.00333864
1.41005e-005	0.000724886	0.00333864
1.41005e-005	0.000724886	0.00333864
1.41005e-005	0.000724886	0.00333864
1.41005e-005	0.000724886	0.00333864
1.41005e-005	0.000724886	0.00333864
1.38481e-005	0.000724886	0.00333864
1.38481e-005	0.000724886	0.00333864
1.38481e-005	0.00053468	0.00333864
1.38481e-005	0.00053468	0.00333864
1.38481e-005	0.00053468	0.00333864
1.38481e-005	7.13048e-005	0.00333864
1.38481e-005	7.13048e-005	0.00333864
1.36247e-005	7.13048e-005	0.00333864
1.36247e-005	7.13048e-005	0.00333864
1.36247e-005	7.13048e-005	0.00333864
1.36241e-005	7.13048e-005	0.00333864
1.36241e-005	0.000105767	0.00333864
1.36241e-005	0.000106055	0.00333864
1.36241e-005	0.000106055	0.00333864
2.27306e-005	0.000106055	0.00333864
2.27306e-005	0.000106055	0.00173509
2.27306e-005	0.000106055	0.00173509
2.27306e-005	0.000106055	0.00173509
2.27306e-005	0.000106055	0.00173509
2.27306e-005	0.000106055	0.00173509
2.27306e-005	0.000106055	0.00173465
2.27306e-005	0.000106055	0.00220063
2.27306e-005	0.000106055	0.00220063
2.27306e-005	0.000106055	0.00191884
2.27306e-005	0.000106055	0.00101894
2.27306e-005	0.000106055	0.00101894
2.27306e-005	0.000106055	0.00101894
2.27306e-005	0.000106055	0.00101894
2.27306e-005	0.000106055	0.00101894
2.27306e-005	0.000106055	0.00101894
2.27306e-005	0.000106055	0.00101894
2.27306e-005	0.000106055	0.00101894
2.27306e-005	0.000106055	0.00100874
2.27306e-005	0.000106055	0.00100874
2.27306e-005	0.000106055	0.00100874
2.27306e-005	0.000106055	0.00100874
2.27262e-005	0.000106055	0.00100874
2.27262e-005	0.000106055	0.000213658
2.27262e-005	0.000229454	0.000213658
2.3051e-005	0.000229454	0.000213657
2.3051e-005	0.000229454	0.000213657
2.3051e-005	0.000229454	0.000213657
2.3051e-005	0.000229454	0.000213657
2.30505e-005	0.000229454	0.000213657
2.30505e-005	0.000229454	0.000213657
2.30505e-005	0.000229454	0.000213657
2.30505e-005	5.58885e-006	0.000213657
2.30505e-005	5.58885e-006	0.000213657
3.67559e-005	5.58885e-006	0.000213657
3.67559e-005	5.58885e-006	0.000213657
3.67559e-005	5.58885e-006	0.000213657
5.07158e-005	5.58885e-006	0.000213657
5.07158e-005	5.58885e-006	0.000213657
5.07158e-005	5.58885e-006	0.000213657
5.07158e-005	5.58885e-006	0.000213657
5.07158e-005	5.58885e-006	0.000213657
3.64844e-005	5.58885e-006	0.000213657
3.64844e-005	5.58885e-006	0.000213657
3.64844e-005	5.58885e-006	0.000213657
3.64844e-005	5.58885e-006	0.000213657
3.64844e-005	5.58885e-006	0.000213657
3.64844e-005	5.58885e-006	0.000213657
3.64844e-005	5.58885e-006	0.000126655
3.64844e-005	5.58885e-006	0.000126655
2.11133e-005	5.58885e-006	0.000126655
2.11133e-005	5.58885e-006	0.000126655
2.11133e-005	5.58885e-006	0.000126654
2.11133e-005	5.58885e-006	0.000126654
2.11133e-005	5.58885e-006	0.000126654
2.11133e-005	5.58885e-006	0.000126654
2.11133e-005	5.58885e-006	0.000126654
2.11133e-005	5.58885e-006	0.000126654
2.11133e-005	5.58885e-006	0.000126654
2.11133e-005	7.42404e-006	0.000126654
2.11133e-005	7.42404e-006	0.000126654
2.11133e-005	7.42404e-006	0.000126654
2.11133e-005	7.42404e-006	0.00012665
5.97968e-006	7.32972e-008	0.00012665
5.97968e-006	7.32972e-008	0.00012665
1.35443e-006	1.66022e-008	0.00012665
1.35443e-006	1.66022e-008	0.00012665
1.35443e-006	1.66022e-008	0.000127143
1.35443e-006	1.66022e-008	0.000127143
1.35443e-006	1.66022e-008	0.000127143
1.35442e-006	1.66021e-008	0.000127143
1.35442e-006	1.66021e-008	0.000127143
1.35442e-006	1.66021e-008	0.000127143
1.35442e-006	1.66021e-008	0.000127143
1.35442e-006	1.66021e-008	0.000127143
1.35442e-006	1.66021e-008	0.000127143
1.35442e-006	1.66021e-008	0.000127143
1.35442e-006	1.66021e-008	0.000127143
1.35442e-006	1.66021e-008	0.000127143
1.35442e-006	1.66021e-008	0.000127143
1.35442e-006	1.66021e-008	0.000127143
1.35442e-006	1.66021e-008	0.000127143
1.35442e-006	1.66021e-008	0.000127143
1.35442e-006	1.66021e-008	0.000127143
1.35442e-006	1.66021e-008	0.000127143
1.35442e-006	1.66021e-008	0.00013056
1.35442e-006	1.66021e-008	0.00013056
1.35442e-006	1.66021e-008	0.00013056
1.35442e-006	1.66021e-008	0.00013056
1.35442e-006	1.66021e-008	0.00013056
1.35442e-006	1.66021e-008	0.00013056
1.35442e-006	1.66021e-008	0.00013056
1.35442e-006	1.66021e-008	0.00013056
1.35442e-006	1.66021e-008	1.49165e-005
1.35442e-006	1.66021e-008	1.49165e-005
1.35442e-006	1.66021e-008	1.49165e-005
1.35442e-006	1.66021e-008	1.49165e-005
1.35442e-006	1.66021e-008	1.49165e-005
1.35442e-006	1.66021e-008	1.49165e-005
1.35442e-006	1.66021e-008	1.49165e-005
1.35442e-006	1.66021e-008	1.49165e-005
1.35442e-006	1.66021e-008	0.000201987
1.35442e-006	1.66021e-008	0.000201987
1.35442e-006	1.66021e-008	7.73391e-005
1.35442e-006	1.66021e-008	7.73391e-005
1.35442e-006	1.66021e-008	7.73391e-005
1.35442e-006	1.66021e-008	7.73391e-005
1.35442e-006	1.66021e-008	7.73391e-005
1.35442e-006	1.66021e-008	7.73391e-005
1.35323e-006	1.65875e-008	7.73391e-005
1.35323e-006	1.65875e-008	7.73391e-005
1.35323e-006	1.65875e-008	7.73391e-005
1.35323e-006	1.65875e-008	7.73381e-005
1.36139e-006	8.38819e-009	7.73381e-005
1.36139e-006	8.38819e-009	7.73365e-005
1.36139e-006	8.38819e-009	7.73365e-005
1.36139e-006	8.38819e-009	7.73365e-005
1.36139e-006	8.38819e-009	7.73365e-005
1.36139e-006	8.38819e-009	7.73365e-005
1.36139e-006	8.38819e-009	7.73333e-005
1.36139e-006	8.38819e-009	7.73333e-005
1.36139e-006	8.38819e-009	1.75551e-005
1.36139e-006	8.38819e-009	5.38805e-005
1.36139e-006	8.38819e-009	5.38805e-005
1.36139e-006	8.38819e-009	5.38805e-005
1.36139e-006	8.38819e-009	5.38805e-005
1.36139e-006	8.38819e-009	5.38805e-005
1.36139e-006	8.38819e-009	5.38805e-005
1.47982e-005	5.27196e-006	5.38805e-005
1.47982e-005	5.27196e-006	5.38805e-005
1.47982e-005	5.27196e-006	5.38805e-005
1.47982e-005	5.27196e-006	5.38805e-005
1.47982e-005	5.27196e-006	5.38805e-005
1.47982e-005	5.27196e-006	5.38805e-005
1.47982e-005	5.27196e-006	5.38805e-005
1.47982e-005	5.27196e-006	5.38805e-005
1.47982e-005	5.27196e-006	5.38805e-005
1.47982e-005	5.27196e-006	5.38805e-005
1.40787e-006	5.27196e-006	5.38805e-005
1.40787e-006	5.27196e-006	5.38805e-005
1.40787e-006	5.27196e-006	5.38805e-005
1.40787e-006	5.27196e-006	5.38805e-005
1.40787e-006	5.27196e-006	5.38805e-005
1.40787e-006	5.27196e-006	5.38805e-005
1.40787e-006	5.27196e-006	5.38805e-005
1.40786e-006	5.27196e-006	5.38805e-005
1.40786e-006	5.27196e-006	5.38805e-005
1.40786e-006	5.27196e-006	5.38805e-005
1.40786e-006	5.27196e-006	5.38805e-005
1.40786e-006	5.27196e-006	5.38805e-005
1.40786e-006	5.27196e-006	5.38805e-005
1.40786e-006	5.27196e-006	5.38805e-005
1.40786e-006	5.27196e-006	5.38805e-005
1.40786e-006	5.27196e-006	5.38805e-005
1.40786e-006	5.27196e-006	5.38805e-005
1.40786e-006	5.27196e-006	5.38805e-005
1.40786e-006	5.27196e-006	5.38805e-005
1.40786e-006	5.27196e-006	5.38805e-005
1.40786e-006	5.27196e-006	5.38805e-005
