68 55 14 
80 18 74 
93 80 84 
14 62 14 
89 75 76 
15 97 57 
37 54 54 
41 70 39 
76 11 17 
26 44 46 
25 55 47 
93 35 91 
17 86 21 
29 58 29 
53 43 66 
27 12 63 
71 16 81 
26 75 50 
99 11 94 
87 12 90 
12 51 33 
60 20 97 
98 100 69 
93 53 22 
81 53 67 
74 61 36 
17 27 40 
16 79 17 
75 19 27 
84 77 100 
18 18 52 
61 37 42 
49 35 47 
65 43 94 
55 96 98 
23 13 16 
96 89 37 
56 51 62 
30 39 39 
16 70 83 
74 48 12 
63 24 43 
58 86 21 
30 18 60 
82 49 24 
42 14 15 
43 78 31 
72 17 35 
22 79 70 
15 48 33 
64 10 92 
22 67 23 
10 75 47 
36 17 24 
25 66 14 
62 76 57 
82 36 20 
43 73 48 
50 62 45 
41 20 81 
60 39 100 
90 26 11 
28 44 30 
17 53 54 
26 82 60 
92 17 77 
17 20 19 
93 61 59 
36 22 22 
83 67 64 
67 91 76 
89 76 90 
19 28 49 
62 22 56 
64 41 89 
49 50 88 
14 75 53 
41 72 85 
47 96 88 
34 63 58 
24 53 57 
52 57 91 
60 28 49 
29 27 81 
67 25 14 
88 52 74 
20 78 48 
24 70 15 
39 30 14 
44 49 26 
62 84 73 
25 41 97 
83 80 92 
38 90 11 
25 91 53 
29 30 97 
96 59 30 
92 43 51 
53 77 69 
69 74 74 
57 64 60 
91 83 79 
83 88 61 
54 21 20 
97 15 67 
75 30 36 
52 49 99 
89 12 10 
41 99 100 
25 87 28 
91 71 25 
89 86 19 
83 70 59 
16 23 68 
84 97 37 
51 33 78 
34 86 99 
21 67 38 
97 46 33 
52 57 34 
43 22 51 
26 84 12 
37 38 11 
78 43 26 
95 72 50 
17 49 81 
37 41 11 
67 77 36 
98 22 28 
42 16 53 
65 100 53 
64 43 81 
17 33 43 
62 56 23 
24 30 56 
71 98 41 
58 68 40 
39 43 57 
85 44 62 
69 77 29 
47 16 79 
87 20 10 
33 88 81 
13 100 17 
35 20 37 
22 27 62 
29 65 41 
10 72 93 
78 91 55 
20 18 22 
20 33 32 
32 55 51 
17 53 20 
40 81 17 
53 47 40 
43 67 58 
62 19 65 
17 34 12 
100 76 26 
18 49 78 
40 42 63 
56 40 15 
29 40 19 
16 34 100 
74 48 58 
17 38 93 
14 86 98 
25 67 87 
70 46 34 
13 63 11 
58 73 81 
18 28 13 
85 33 59 
34 92 65 
85 45 57 
64 51 28 
59 44 64 
33 82 84 
65 55 11 
22 27 100 
51 43 63 
78 38 85 
99 33 20 
28 85 40 
61 88 11 
29 32 32 
100 55 24 
23 18 24 
44 16 83 
59 91 96 
66 85 60 
32 45 27 
17 59 75 
93 92 43 
36 28 60 
21 12 30 
100 20 69 
28 76 18 
81 56 73 
85 31 51 
75 17 81 
35 92 62 
59 71 88 
46 23 16 
24 70 21 
68 80 45 
12 12 88 
36 34 48 
83 100 72 
90 78 60 
93 15 22 
99 52 67 
30 55 56 
20 90 18 
89 43 21 
16 83 56 
97 92 25 
43 44 61 
75 95 29 
57 50 20 
88 82 78 
28 79 58 
58 60 37 
91 88 26 
44 52 36 
27 10 44 
69 83 53 
23 63 98 
64 44 53 
99 17 54 
78 19 75 
28 21 80 
74 28 32 
55 31 99 
72 75 89 
84 33 71 
100 38 73 
70 17 59 
25 78 63 
79 79 81 
21 63 33 
64 26 65 
84 67 99 
93 39 56 
55 32 46 
19 25 40 
28 31 25 
69 71 44 
34 37 75 
40 100 25 
52 21 32 
59 43 41 
73 49 56 
26 51 35 
100 79 19 
70 27 22 
35 77 44 
67 54 72 
31 62 29 
39 51 95 
13 40 92 
46 91 41 
32 57 25 
15 50 58 
75 49 37 
29 68 83 
80 14 16 
59 44 64 
98 38 15 
58 51 48 
64 39 59 
92 26 97 
75 88 50 
70 93 26 
39 51 87 
17 41 85 
98 80 19 
73 72 39 
44 87 15 
65 59 91 
76 63 33 
55 20 24 
26 39 56 
53 70 91 
55 92 84 
46 39 98 
49 28 55 
57 58 51 
97 89 56 
86 45 95 
69 82 68 
86 45 70 
97 35 15 
56 84 99 
75 66 87 
28 59 90 
88 45 65 
98 19 55 
74 23 75 
83 26 38 
79 86 59 
24 31 58 
76 74 82 
39 75 36 
59 44 79 
87 23 72 
37 99 19 
85 50 81 
32 27 68 
100 99 72 
59 20 84 
68 76 18 
42 36 45 
38 83 32 
62 93 83 
75 92 30 
86 52 100 
92 98 29 
38 93 38 
95 15 34 
52 63 12 
36 67 15 
12 100 21 
14 41 19 
97 15 44 
27 22 85 
64 28 23 
39 52 13 
38 68 55 
19 55 99 
44 46 59 
92 47 74 
86 97 38 
59 18 15 
83 71 29 
82 68 94 
83 76 58 
49 74 39 
61 65 81 
31 37 99 
93 72 63 
96 53 93 
34 77 84 
54 58 65 
44 28 100 
50 100 37 
66 34 80 
34 17 80 
48 30 18 
73 84 91 
81 59 70 
89 19 49 
97 57 44 
46 28 49 
24 44 54 
98 85 96 
73 99 10 
62 46 79 
14 31 25 
31 69 44 
19 82 71 
31 92 30 
65 13 59 
17 86 25 
98 85 91 
71 41 79 
39 12 77 
10 15 16 
62 54 38 
100 64 65 
92 67 36 
68 68 14 
64 34 68 
47 75 32 
90 76 72 
13 19 18 
74 86 92 
29 62 40 
26 80 48 
56 72 20 
75 32 86 
67 45 61 
45 22 17 
89 88 70 
63 16 63 
77 26 100 
83 44 93 
23 65 36 
72 100 87 
52 23 23 
54 48 98 
57 22 59 
38 58 82 
83 29 59 
28 50 25 
50 22 32 
74 55 79 
54 61 66 
66 81 32 
86 48 82 
96 41 40 
90 94 80 
39 48 35 
27 23 61 
90 19 87 
57 20 29 
65 91 94 
88 76 23 
72 85 17 
30 70 62 
15 81 63 
67 65 58 
50 68 28 
83 20 98 
44 57 95 
84 58 62 
41 15 40 
69 59 33 
87 43 30 
55 58 64 
70 45 44 
10 79 64 
51 74 37 
11 43 13 
31 42 22 
41 62 44 
18 13 51 
46 23 12 
59 23 85 
97 26 53 
95 77 30 
81 85 42 
18 88 64 
81 58 53 
64 44 19 
34 66 77 
38 32 28 
20 22 21 
98 14 54 
78 60 11 
28 73 34 
83 30 75 
31 64 89 
87 57 25 
25 52 58 
18 56 79 
29 53 33 
42 56 86 
43 13 100 
88 21 100 
31 65 81 
52 28 53 
23 19 34 
99 89 62 
17 11 84 
52 45 80 
79 11 83 
26 89 76 
21 35 92 
99 50 23 
29 84 70 
27 69 30 
81 70 81 
85 59 43 
20 67 71 
15 47 25 
60 91 99 
100 86 91 
76 86 32 
40 43 78 
31 24 30 
50 89 37 
57 23 13 
59 29 51 
44 71 82 
48 29 99 
55 11 26 
70 100 95 
21 93 56 
34 85 78 
84 63 73 
67 15 59 
79 62 24 
33 53 15 
72 42 15 
66 82 50 
77 18 63 
56 59 21 
20 98 15 
98 11 82 
25 39 99 
65 90 24 
46 63 32 
100 65 94 
45 66 84 
60 80 76 
17 38 82 
28 64 71 
22 23 78 
61 42 12 
