1131.18	1118.36	1113.54	1116.99	1120.42	1124.46	1121.44	1130.4
1091.27	1089.09	1082.64	1075.68	1072.3	1074.52	1081.01	1087.94
1018.45	1029.51	1038.18	1039.47	1034.09	1025.22	1017.46	1013.88
1009.83	1018.76	1027.82	1032.04	1028.51	1019.24	1010.09	1006.22
1007.19	1016.27	1025.52	1029.57	1026.11	1017.12	1007.79	1003.65
1005.64	1014.88	1023.95	1027.6	1023.75	1014.59	1005.43	1001.7
1002	1011.18	1020.69	1025.56	1022.42	1013.01	1002.98	998.579
1001.16	1010.35	1019.96	1024.43	1021.19	1012.1	1002.41	997.852
998.474	1008.06	1017.6	1021.58	1017.72	1008.23	998.599	994.53
996.522	1006.11	1015.76	1020.11	1016.61	1006.98	997.112	992.678
994.781	1004.12	1013.77	1018.15	1015.14	1005.76	995.776	991.302
992.68	1002.02	1012.08	1017.03	1014.05	1004.82	994.678	989.617
990.607	1000.25	1010.44	1015.26	1012.11	1003.06	992.711	987.232
987.515	996.773	1007.16	1012.68	1010.23	1001.11	990.687	985.036
986.158	994.668	1004.81	1010.64	1008.82	1000.4	990.212	984.263
985.242	993.452	1002.81	1008.47	1006.77	998.24	988.227	983.063
981.152	990.562	1001.25	1007.05	1004.88	995.788	985.007	978.89
980.21	989.814	1000.53	1006.13	1003.42	993.95	983.164	977.434
977.006	986.473	997.051	1002.53	999.653	990.053	979.434	974.022
974.396	983.921	994.535	1000.04	997.296	987.894	977.329	971.69
974.279	983.682	994.145	999.574	996.891	987.613	977.087	971.526
972.907	982.184	992.576	998.042	995.468	986.315	975.857	970.266
970.368	979.288	990.151	996.764	995.048	985.975	975.002	968.578
969.915	978.899	989.426	995.655	993.794	984.9	974.084	967.729
967.799	977.24	987.876	993.525	990.971	981.662	970.959	965.177
964.663	974.326	985.502	991.636	989.236	979.72	968.595	962.438
963.029	972.28	983.05	988.812	986.375	977.257	966.585	960.652
961.438	971.042	981.772	987.703	985.395	976.108	965.185	959.066
958.342	968.318	979.487	985.59	982.802	973.068	961.85	955.603
957.26	967.058	978.075	984.022	981.49	971.886	960.641	954.521
955.189	965.275	976.766	982.986	980.4	970.471	958.965	952.527
953.044	962.608	974.081	980.715	978.729	969.387	958.064	951.047
952.55	961.974	973.149	979.572	977.584	968.544	957.511	950.773
951.088	960.728	972.043	978.43	976.275	966.903	955.824	949.242
948.719	956.817	967.177	973.862	972.463	963.874	953.613	947.382
946.924	955.696	966.326	972.8	971.166	962.558	951.822	945.249
944.472	953.071	963.997	970.639	969.334	960.697	949.683	943.109
943.557	951.486	961.424	967.891	967.052	959.385	949.291	942.696
942.694	951.044	961.013	966.794	965.086	956.858	947.101	941.083
941.449	949.336	959.11	964.754	962.955	954.879	945.112	939.626
939.721	947.804	957.857	963.627	962.036	953.744	943.797	938.067
938.99	947.098	956.746	962.313	960.618	952.624	942.934	937.252
938.219	946.006	955.371	960.855	959.321	951.642	942.324	936.748
935.863	943.409	952.765	958.702	957.727	950.184	940.39	934.57
934.469	941.767	951.188	957.227	956.61	949.48	939.801	933.649
931.767	939.266	949.781	956.421	955.652	947.868	937.377	930.877
928.37	935.721	945.409	951.771	951.165	943.934	934.406	927.748
926.574	933.065	942.201	948.63	948.662	942.278	933.143	926.606
923.889	930.693	940.492	947.16	946.877	939.805	930.341	923.75
921.449	927.944	937.734	945.156	945.755	939.379	929.607	922.143
919.15	926.024	936.223	943.763	944.321	937.581	927.398	919.723
917.999	925.607	935.239	941.272	940.256	932.767	923.109	916.957
916.104	923.86	933.617	939.387	938.213	930.398	920.52	914.645
915.067	922.818	932.268	937.907	936.511	928.874	919.68	913.852
912.842	919.616	928.774	935.046	934.723	927.96	918.794	912.5
910.547	916.362	925.244	932.3	933.216	927.471	918.355	911.273
910.052	915.879	924.778	931.525	932.239	926.514	917.736	910.783
908.78	913.944	922.452	929.302	930.545	925.474	916.994	910.052
906.866	912.168	920.665	927.065	927.458	921.933	913.831	907.408
906.188	911.488	919.812	926.104	926.741	921.489	913.346	906.982
904.545	909.457	917.085	922.95	923.671	918.951	911.311	905.281
901.643	906.267	914.32	920.96	922.185	917.322	909.374	902.938
900.25	904.72	912.358	919.054	920.66	915.925	908.029	901.62
898.944	903.459	911.54	918.291	919.845	915.303	907.267	900.421
896.509	901.372	909.725	916.493	918.013	913.299	905.051	897.982
894.886	899.814	908.12	915.113	916.627	911.783	903.672	896.553
894.415	899.003	907.271	914.346	916.145	911.642	903.415	896.254
890.278	894.678	902.995	910.324	912.433	908.651	900.563	892.884
889.221	892.682	900.384	907.759	910.463	906.95	899.314	892.089
888.523	891.949	899.447	906.669	909.294	905.869	898.426	891.222
885.814	889.43	897.795	905.437	908.063	904.643	896.728	888.908
882.527	886.01	894.446	902.937	906.43	902.927	894.616	886.173
880.769	884.234	892.946	901.716	905.56	902.401	893.807	884.753
877.574	881.099	890.301	899.716	904.095	900.458	891.36	881.856
875.132	878.743	888.326	898.212	902.834	899.262	889.701	879.678
873.641	876.742	886.303	896.628	901.733	898.718	889.29	878.878
871.558	874.964	884.76	895.28	900.103	896.725	887.064	876.505
870.288	874.071	883.921	894.094	899.224	895.547	885.513	875.002
868.872	872.578	882.623	893.141	898.074	894.459	884.34	873.754
866.394	871.437	882.453	892.863	897.006	892.679	881.962	871.036
865.445	869.958	880.384	890.595	894.718	890.375	880.065	869.667
864.863	869.516	880.073	890.486	894.087	889.476	879.208	868.978
863.572	868.738	879.667	890.047	893.811	888.686	877.659	867.301
860.74	866.164	876.964	886.901	890.09	885.207	874.59	864.296
859.367	864.536	875.328	885.612	889.203	883.891	873.071	862.924
857.811	863.144	874.324	884.856	888.317	883.091	872.033	861.513
855.224	860.819	872.471	883.247	886.663	881.048	869.768	858.984
854.235	859.294	870.59	881.415	885.535	880.626	869.461	858.486
852.948	858.208	870.157	880.823	884.526	879.528	868.271	857.216
851.699	857.422	868.671	878.643	881.613	876.551	865.736	855.316
850.535	856.066	867.152	877.228	880.502	875.395	864.401	853.911
849.374	854.591	865.348	875.274	878.655	873.718	862.971	852.859
847.776	853.696	864.594	874.119	877.114	871.57	860.626	850.645
846.664	852.807	864.06	873.495	876.035	870.119	859.192	849.491
846.179	851.696	862.178	871.679	874.567	869.128	858.563	848.963
843.425	848.396	858.79	868.372	871.771	867.015	856.654	846.731
842.527	847.526	858.006	867.485	870.669	865.85	855.619	845.899
841.232	846.13	856.151	865.364	868.461	863.773	853.971	844.417
839.734	844.554	854.146	863.291	866.34	861.818	852.138	842.906
839.396	844.234	853.826	862.5	865.258	860.538	851.022	842.23
837.913	841.95	851.438	860.292	863.469	859.267	850.459	841.602
835.12	839.316	849.029	858.672	862.728	858.853	849.13	839.21
834.979	839.075	848.694	858.128	861.928	857.941	848.427	838.884
832.917	836.652	846.229	855.955	860.206	856.59	847.114	837.286
831.031	834.177	842.66	851.441	855.51	852.39	844.012	835.162
829.759	833.033	841.384	849.857	853.84	850.697	842.35	833.715
829.765	832.647	840.668	848.961	852.495	849.295	841.324	833.321
827.802	830.668	838.371	846.397	850.107	847.217	839.614	831.5
827.273	829.907	837.451	845.455	849.262	846.905	839.871	831.212
825.224	826.654	833.804	842.123	847.054	845.658	838.729	830.255
824.189	826.649	834.01	842.065	846.149	843.949	836.516	828.21
823.595	826.064	833.543	841.592	845.536	843.125	835.731	827.625
822.101	824.989	832.414	839.975	843.289	840.463	833.11	825.486
820.872	824.108	831.918	839.489	842.438	839.086	831.343	823.761
817.074	820.626	829.321	838	841.643	838.299	829.653	820.809
814.822	817.9	826.868	836.336	840.731	837.557	828.614	819.216
813.652	816.224	824.496	833.53	838.083	835.565	827.666	818.637
812.613	814.658	822.23	831.205	835.746	833.269	825.561	817.158
811.865	813.97	821.644	830.291	834.883	832.803	825.233	816.576
809.834	812.451	820.41	828.959	833.411	831.041	823.129	814.377
807.756	809.955	818.268	827.715	832.82	830.688	822.553	812.992
807.227	809.691	818.035	827.384	832.098	829.521	821.284	812.051
805.326	806.957	815.044	824.488	829.705	827.94	820.249	810.87
802.599	804.462	812.665	822.405	827.995	826.111	817.87	808.188
802.593	803.973	812.183	821.807	827.271	825.491	817.719	808.307
801.013	802.83	810.846	820.272	826.325	824.645	816.875	806.849
799.043	800.601	808.821	819.222	825.449	824.095	815.749	805.395
798.432	799.648	807.709	817.805	824.099	822.961	815.034	804.855
797.346	798.724	806.873	816.992	822.979	821.441	813.289	803.312
794.84	796.245	804.766	815.387	821.783	820.276	811.918	801.382
794.092	795.703	804.364	814.885	821.273	819.691	811.081	800.51
792.34	793.863	802.637	813.617	820.268	818.703	809.802	799.053
791.821	793.273	801.839	812.283	818.333	816.597	808.293	798.088
791.224	792.529	800.757	810.887	817.107	815.841	807.804	797.596
789.256	790.963	799.665	810.116	816.194	814.449	805.866	795.391
787.404	789.543	798.308	808.212	813.756	811.764	803.217	793.163
786.807	788.786	797.703	807.864	813.368	811.446	803.426	792.969
784.479	785.93	794.557	805.04	811.386	809.981	801.591	791.016
783.092	784.538	793.08	803.38	809.679	808.249	800.28	789.909
782.165	783.28	791.617	802.061	808.524	807.432	799.34	788.809
781.387	782.597	790.726	801.079	807.526	806.301	798.128	787.833
778.994	779.712	788.209	798.878	805.491	804.615	796.613	786.036
777.741	778.798	787.127	797.484	804.485	803.818	795.898	784.989
777.27	778.523	786.871	796.937	802.863	801.803	793.926	783.716
776.764	777.714	785.617	795.491	801.676	800.765	793.477	783.532
775.808	777.012	784.867	794.666	800.766	800.091	792.145	781.986
774.426	775.273	782.964	793.365	799.842	798.713	790.616	780.699
773.532	774.256	781.492	790.964	797.183	796.64	789.53	779.82
772.702	773.44	780.991	790.446	796.276	795.301	788.238	778.872
771.024	772.146	780.048	789.897	795.952	794.769	787.087	777.289
769.264	770.28	778.255	788.541	795.058	794.12	786.106	775.743
768.879	769.83	777.684	787.853	794.319	793.406	785.627	775.429
768.174	768.785	776.275	786.15	792.741	792.047	784.707	774.814
765.69	766.552	774.819	785.413	792.194	791.518	783.694	772.897
765.095	766.076	774.102	784.355	791.123	790.189	782.351	771.756
763.556	764.667	773.153	784.079	790.801	789.41	781.061	770.399
761.733	763.258	772.003	783.041	789.928	788.533	779.937	768.73
760.796	761.933	770.354	781.216	788.099	786.922	778.542	767.784
759.328	761.006	769.785	780.409	786.827	784.935	776.521	765.817
758.422	759.897	769.206	780.407	786.931	785.33	776.228	765.135
756.91	758.379	767.582	778.984	785.946	784.528	775.527	764.073
753.441	756.383	766.654	777.775	783.286	780.08	770.33	759.399
752.534	755.008	764.386	775.339	781.036	778.852	769.566	758.488
751.45	754.373	764.083	774.773	780.252	777.426	767.995	757.098
748.899	751.213	760.941	772.198	778.757	776.708	767.2	755.66
748.289	750.64	760.047	771.093	777.528	775.044	764.992	754.196
745.802	748.448	758.375	769.879	776.233	773.645	764.099	752.536
745.309	747.907	757.862	769.235	775.454	773.184	763.601	751.819
744.268	746.414	756.492	768.239	775.004	773.213	763.565	751.557
742.701	744.651	754.616	767.107	774.524	772.275	762.181	749.841
741.945	744.149	754.627	767.044	774.368	772.2	761.79	749.356
739.575	742.61	753.866	766.285	773.04	770.076	759.095	746.438
738.672	741.372	752.371	765.012	771.908	769.077	758.288	745.751
737.853	740.729	751.386	763.425	770.053	767.662	757.201	744.769
736.436	739.27	750.277	762.825	769.648	766.914	756.149	743.488
736.295	738.615	748.29	759.827	766.437	764.017	754.248	742.75
736.593	737.979	747.498	758.689	765.259	763.404	754.42	743.688
735.337	736.901	745.731	756.2	762.979	761.312	752.661	742.018
732.649	733.866	742.972	754.417	761.533	760.53	751.652	740.053
732.374	733.807	742.972	754.352	761.322	760.648	751.824	739.804
730.246	730.374	739.524	751.973	760.41	760.053	751.421	739.121
729.554	728.849	737.042	749.298	758.326	759.164	750.992	738.605
729.392	728.277	736.021	748.164	757.175	758.521	750.765	738.797
727.048	726.779	735.018	747.235	755.731	756.066	747.66	735.874
724.562	724.036	732.669	745.132	754.262	754.706	746.444	733.889
723.811	723.25	731.852	744.47	753.63	754.052	745.706	733.188
722.719	722.225	730.923	743.588	752.674	753.041	744.485	731.931
720.812	720.291	729.334	742.163	751.184	751.647	743.198	730.493
720.808	720.346	728.741	741.411	750.514	750.902	742.357	729.703
720.128	719.719	728.178	740.351	749.054	748.901	740.824	728.949
717.008	717.389	726.406	738.661	746.935	746.758	738.239	725.88
717.103	717.477	725.8	737.721	745.968	745.506	736.972	724.937
715.692	715.818	724.02	735.613	743.547	743.291	735.117	723.684
714.436	714.223	722.707	734.397	742.767	743.111	735.074	723.202
713.497	713.408	721.934	733.908	742.527	742.665	734.272	722.145
711.971	712.212	720.94	732.923	741.073	740.891	732.476	720.512
711.027	711.481	720.543	732.666	740.897	740.73	732.019	719.618
711.113	711.352	719.938	731.988	740.028	739.514	730.734	718.983
710.541	711.009	719.66	730.954	738.651	738.507	730.276	718.621
709.099	710.193	719.014	730.423	737.67	736.475	727.672	716.402
708.227	709.44	718.239	729.369	736.131	734.962	726.398	715.312
707.259	708.189	716.91	728.356	735.504	734.371	726.088	714.754
706.607	707.185	715.65	726.827	734.079	733.536	725.472	714.234
705.459	706.133	714.771	726.157	733.69	733.007	724.586	713.168
703.255	704.301	714.003	726.042	733.411	732.127	723.091	711.131
702.117	703.428	712.919	724.808	732.252	731.118	721.867	709.796
701.401	702.779	712.425	724.513	732.007	730.684	721.283	709.139
700.194	701.278	710.926	723.241	730.897	729.742	720.589	708.341
699.216	700.361	709.865	722.16	729.834	729.227	720.095	707.523
698.239	699.149	708.777	721.292	729.396	728.523	719.16	706.607
696.627	697.803	707.461	720.237	728.34	727.109	717.228	704.651
695.222	696.374	705.996	718.937	727.223	726.195	716.439	703.834
694.874	696.003	705.685	718.244	726.225	725.474	715.585	702.979
691.594	692.273	702.843	716.827	726.173	725.161	714.902	700.886
689.841	691.473	702.661	716.402	725.152	724.105	713.549	699.251
689.583	690.796	701.753	715.819	724.778	723.584	712.963	698.866
688.639	690.375	701.182	714.894	723.487	722.284	711.724	697.762
687.671	688.954	699.895	713.867	722.584	721.225	710.77	696.859
687.33	688.726	699.522	713.394	722.002	720.663	710.238	696.412
687.681	688.338	698.808	712.609	721.293	719.998	709.617	696.582
685.504	686.6	696.649	709.763	718.19	717.197	707.335	694.175
685.362	685.906	695.657	708.324	716.913	716.574	707.572	694.527
685.212	685.471	694.831	707.513	716.317	716.149	707.023	694.046
683.677	683.839	693.636	706.908	715.898	715.814	706.759	693.386
683.556	683.123	692.262	705.574	715.081	716.144	707.482	693.807
682.697	682.234	691.574	705.296	715.368	715.761	706.604	692.766
680.405	679.737	689.502	703.726	714.285	715.044	705.619	691.309
679.411	678.725	688.581	702.928	713.365	714.018	704.526	690.204
679.23	678.631	688.137	702.195	712.385	712.954	703.587	689.551
678.72	677.98	687.239	701.262	711.55	712.283	703.299	689.319
677.987	676.75	685.91	699.858	710.486	711.776	702.97	688.855
677.546	676.103	685.264	699.528	710.722	711.731	702.52	688.61
676.22	674.85	684.321	698.939	709.858	711.005	701.846	687.421
675.876	674.565	683.566	697.846	708.73	710.031	701.122	686.861
675.377	674.09	683.285	697.336	707.916	709.066	700.15	686.338
675.338	673.668	682.172	695.642	706.14	707.734	699.541	686.147
674.01	672.154	680.693	694.183	704.981	706.788	698.512	685.071
673.731	672.17	680.836	693.733	704.367	706.199	698.219	684.802
672.65	671.216	679.919	693.036	703.119	704.596	696.428	683.144
672.465	670.631	678.585	692.058	702.232	703.367	695.283	682.787
671.789	670.177	678.202	690.877	700.794	702.495	694.797	681.986
670.729	669.293	677.547	690.734	700.854	702.022	693.952	681.026
669.786	668.227	676.794	689.925	699.902	701.395	693.286	680.265
669.498	668	676.273	689.348	699.441	700.848	692.789	679.782
668.246	666.958	675.328	688.539	698.449	699.464	691.174	678.388
667.276	665.819	674.413	687.492	697.662	699.019	690.995	677.745
666.854	665.119	673.467	686.571	697.092	698.731	690.794	677.628
666.153	664.657	673.289	686.327	696.106	697.64	689.731	676.648
664.326	663.554	672.795	686.078	695.291	696.048	687.575	674.346
662.69	661.963	671.412	684.923	694.582	694.967	686.167	672.811
660.436	660.122	669.788	683.528	693.292	693.599	684.261	670.536
659.283	658.144	667.783	682.168	692.697	693.456	684.039	670.076
659.273	657.916	666.742	680.754	691.075	692.282	683.503	669.968
657.482	656.665	666.133	680.075	690.222	690.828	681.558	667.861
656.393	655.834	665.406	679.149	689.17	689.686	680.43	666.635
656.254	655.59	665.324	679.119	688.756	689.302	680.199	666.525
655.939	655.399	665.047	678.669	688.462	688.79	679.809	666.215
655.234	654.783	664.238	677.915	687.9	688.311	678.915	665.174
654.503	654.444	664.238	677.906	687.446	687.502	678.157	664.488
653.288	653.161	663.012	676.817	686.608	686.806	677.303	663.448
652.354	651.328	660.85	674.678	685.101	686.331	677.578	663.423
651.717	650.514	659.845	673.983	684.614	685.758	676.784	662.705
651.431	649.984	658.657	672.436	682.956	684.55	676.225	662.707
650.659	649.153	657.998	671.511	681.473	682.972	674.803	661.402
650.342	649.448	658.447	671.194	680.723	682.007	673.741	660.724
649.535	649.043	657.927	671.18	680.596	681.054	672.233	659.193
648.481	648.238	657.628	670.965	680.367	680.866	671.907	658.346
647.966	647.707	657.178	671.013	680.845	680.408	671.199	657.795
644.554	645.044	656.098	670.613	680.035	679.571	669.171	654.664
643.175	644.55	655.629	669.978	679.07	677.834	666.952	652.536
641.901	642.521	653.495	667.938	677.904	677.328	666.885	652.275
641.708	642.074	652.672	667.521	677.399	676.511	666.11	651.777
639.537	640.354	651.903	667.087	676.909	675.876	664.674	649.617
638.564	639.57	651.287	666.642	676.562	675.747	664.513	648.929
638.497	639.134	650.511	665.786	675.963	675.392	664.473	648.984
638.66	639.076	650.146	665.539	675.809	675.225	664.101	648.942
637.776	638.159	649.328	664.368	674.766	674.555	663.828	648.639
637.478	637.833	648.949	664.717	675.027	674.234	663.491	648.106
635.663	636.455	648.178	663.687	674.264	673.723	662.219	646.32
634.99	635.606	647.515	663.236	673.517	673.072	661.733	645.771
634.935	635.547	647.076	662.672	673.16	672.544	661.121	645.624
633.302	634.142	646.187	662.156	672.801	672.085	660.459	644.433
633.073	634.145	646.004	661.789	672.094	671.177	659.701	643.994
632.968	633.896	645.9	661.465	672.329	671.771	659.757	643.797
632.572	633.494	645.033	660.21	670.583	670.139	658.972	643.267
631.925	632.38	644.367	659.399	669.397	668.544	657.035	642.143
631.828	632.326	643.544	658.831	668.822	667.976	656.618	642.01
629.311	629.898	641.141	656.44	666.874	666.323	655.48	640.164
629.25	628.859	639.467	654.442	665.055	665.284	655.391	640.558
628.701	628.413	639.004	653.647	664.148	664.461	654.415	639.612
627.587	627.501	638.117	652.823	662.987	662.932	652.707	638.311
626.765	626.108	636.118	650.466	660.85	661.525	652.193	637.91
626.886	625.877	635.631	649.951	660.283	660.855	651.689	637.544
626.124	625.343	634.742	648.527	658.845	659.783	650.736	636.899
625.899	625.063	634.632	648.472	658.843	659.47	650.164	636.334
625.713	624.777	634.088	648.053	658.297	659.043	649.988	636.173
625.095	624.305	633.896	647.902	657.947	658.766	650	635.856
624.157	623.328	632.775	646.62	656.952	657.662	648.392	634.595
624.067	623.081	632.578	646.331	656.457	657.638	648.643	634.886
623.75	622.75	631.715	645.671	656.066	657.167	648.339	634.222
623.228	621.646	630.406	644.014	655.011	656.801	648.247	634.324
623.132	621.26	629.502	643.402	654.232	655.88	647.656	634.249
621.792	620.049	629.019	642.926	653.789	655.563	647.119	633.05
621.272	619.48	628.475	642.604	653.424	654.915	646.387	632.473
620.083	618.543	627.577	641.747	652.747	654.073	645.258	631.098
619.121	617.794	627.009	641.429	652.423	653.89	644.694	630.413
617.988	616.383	625.914	640.908	652.456	653.793	644.446	629.717
616.888	615.508	625.56	640.861	652.22	653.175	643.588	628.633
616.255	615.255	625.265	640.399	652.026	652.661	642.771	627.677
614.954	614.562	624.749	639.877	651.288	651.869	641.694	626.488
613.76	613.656	624.312	639.353	650.13	650.315	639.988	624.85
613.004	612.726	623.603	639.1	650.072	650.307	639.69	624.37
612.508	612.203	623.315	639.029	649.768	650.072	639.526	623.978
611.346	611.451	622.79	638.218	648.723	648.542	637.809	622.502
611.08	611.13	622.254	637.717	648.369	648.286	637.512	622.136
610.922	611.286	622.155	637.327	647.604	647.349	636.642	621.479
610.383	610.692	622.476	637.58	647.269	646.976	636.264	621.109
609.765	610.043	621.182	636.137	646.091	645.51	634.855	619.984
609.165	609.719	620.734	635.546	645.629	644.997	634.294	619.367
609.081	610.014	621.102	635.646	645.437	644.718	634.211	619.394
608.95	609.628	620.794	635.296	644.665	643.839	633.117	618.665
608.223	609.408	620.687	635.047	644.611	643.628	632.617	618.041
608.129	609.334	620.485	634.991	644.228	642.947	631.983	617.473
607.886	609.291	620.277	634.448	643.492	642.263	631.541	617.005
607.106	608.172	619.534	634.305	643.659	642.246	631.247	616.662
605.935	606.915	618.45	633.611	643.287	642.419	631.298	616.048
605.789	606.704	618.379	633.353	642.918	641.767	630.637	615.591
604.723	606.044	617.888	632.85	642.236	641.492	630.271	615.112
604.559	605.181	616.655	631.561	641.579	640.945	630.122	614.941
604.348	605.157	616.505	631.951	641.883	640.807	629.655	614.339
603.591	604.937	616.156	631.789	641.667	640.325	628.493	613.329
603.178	604.211	615.695	630.312	640.071	639.174	628.267	613.183
602.837	603.993	615.381	630.24	639.774	638.795	627.795	612.818
602.218	602.94	614.466	629.262	639.067	638.356	627.519	612.443
601.858	602.832	614.279	629.158	638.769	638.067	627.129	612.092
601.714	602.606	614.266	629.322	639.318	638.214	626.955	611.959
601.327	602.274	614.119	629.234	639.045	638.158	627.129	611.689
601.102	601.588	612.914	628.383	638.389	637.873	627.144	611.799
600.271	601.151	612.88	628.151	638.331	637.623	626.48	610.931
599.982	600.78	612.651	628.041	638.115	637.321	625.984	610.566
599.436	600.645	612.697	628.289	638.031	637.116	625.605	610.027
599.069	600.134	611.965	627.237	637.297	636.338	625.075	609.646
598.88	599.623	611.436	626.909	636.981	636.074	624.792	609.499
598.089	598.962	610.733	626.024	636.041	635.357	624.005	608.566
597.751	598.524	610.286	625.548	635.644	634.949	623.821	608.254
597.592	598.281	609.427	624.71	634.777	634.285	623.228	607.934
596.841	597.367	608.554	623.443	633.508	633.055	622.342	607.406
596.363	597.598	608.914	623.617	633.3	632.594	621.785	606.773
596.22	597.215	608.147	622.328	631.5	630.925	620.511	606.081
595.872	596.636	607.413	621.631	631.226	630.677	620.582	606.112
595.9	596.456	607.123	621.252	630.493	629.741	619.723	605.457
595.442	595.938	606.511	620.593	630.139	629.632	619.234	605.23
593.965	594.515	605.5	620.403	630.312	629.381	618.392	603.924
593.129	594.046	605.515	620.332	630.013	629.001	618.198	603.283
593.298	593.971	605.423	620.181	629.857	628.988	618.009	603.358
592.61	593.702	605.372	620.458	629.947	628.838	617.833	602.912
592.864	593.73	604.933	619.915	629.595	628.466	617.604	602.717
592.328	593.251	604.449	618.894	628.464	627.889	617.17	602.285
591.911	592.896	604.76	619.867	629.141	627.485	616.641	601.998
591.693	592.656	603.926	618.635	628.187	627.37	616.463	601.568
591.503	592.352	603.839	618.602	627.988	627.087	616.362	601.544
591.16	591.265	602.039	616.554	626.652	626.411	615.947	601.228
590.73	591.069	601.922	616.291	626.083	625.597	615.183	600.914
590.359	590.915	601.467	615.832	625.515	625.038	614.779	600.358
590.319	590.581	601.076	615.711	625.477	624.986	614.808	600.593
590.023	590.305	600.666	614.812	624.561	624.444	614.561	600.308
589.897	590.331	600.858	614.737	624.174	624.108	614.268	599.992
589.576	589.897	600.196	614.267	623.793	623.534	613.575	599.499
589.248	589.632	599.976	614.006	623.74	623.433	613.2	599.064
588.519	588.831	599.463	613.975	623.78	623.28	612.941	598.629
587.485	588.396	599.523	613.85	623.11	622.326	611.781	597.34
588.159	588.485	599.336	613.629	622.873	622.14	611.646	597.796
588.03	588.637	598.775	613.011	622.714	622.087	612.032	598
587.528	588.037	598.176	612.154	621.472	621.456	611.519	597.2
587.018	587.273	597.566	611.651	621.214	621.167	611.416	597.196
586.876	587.326	597.521	611.485	620.841	620.376	610.377	596.554
586.472	587.008	597.259	610.985	620.246	619.776	609.816	596.093
586	586.54	596.878	610.632	619.806	619.409	609.537	595.656
585.782	586.244	596.812	610.626	620.292	619.75	609.386	595.537
585.609	586.063	596.413	610.279	619.45	618.965	609.066	595.199
585.418	585.858	595.967	609.823	619.172	618.721	608.921	595.023
585.376	585.632	595.967	609.721	619.161	619.171	609.244	595.334
584.96	585.371	595.54	609.581	618.942	618.731	608.704	594.657
583.804	584.391	595.081	609.265	618.625	618.259	608.195	593.875
583.68	584.331	595.254	609.392	618.978	618.329	608.074	593.688
583.082	583.654	594.401	608.917	618.775	618.21	607.688	593.197
583.218	583.342	593.632	608.3	618.211	617.808	607.332	593.181
582.47	582.778	593.379	607.869	617.859	617.863	607.608	592.938
582.22	581.916	592.246	606.927	617.338	617.608	607.833	593.073
582.057	581.547	591.724	606.335	617.045	617.522	607.697	592.98
581.821	581.292	591.483	606.062	616.782	617.449	607.49	592.742
581.959	581.152	591.295	605.831	616.311	616.779	607.709	593.314
581.775	580.31	589.949	604.557	615.273	616.382	607.414	593.132
581.52	580.485	590.019	604.257	614.701	616.382	607.532	593.018
581.426	580.188	589.691	603.958	614.556	615.481	606.473	592.428
581.09	579.947	589.453	603.639	614.383	615.456	606.491	592.326
580.882	579.636	589.132	603.457	614.21	615.342	606.256	591.985
581.303	580.002	589.051	603.205	613.772	614.795	605.914	592.222
580.993	579.593	588.862	602.487	612.912	613.97	605.389	591.755
580.373	579.264	588.293	602.163	612.623	613.722	605.043	591.088
580.079	579.041	588.322	602.023	612.185	613.302	604.519	590.719
579.685	578.47	587.713	601.701	612.247	613.265	604.297	590.349
579.037	578.185	587.738	601.601	612.147	613.034	603.931	589.96
578.924	577.959	587.375	601.382	611.796	612.863	603.766	589.733
578.913	577.874	587.182	601.148	611.445	612.273	603.202	589.387
578.373	577.637	586.98	600.732	610.81	611.62	602.613	588.908
578.339	577.688	586.936	600.717	610.759	611.197	602.051	588.572
577.809	577.134	586.845	600.725	610.536	610.979	601.886	588.075
577.538	577.042	586.742	600.624	610.448	610.836	601.595	587.787
577.492	576.974	586.732	600.611	610.421	610.878	601.742	587.824
577.137	576.504	586.015	599.835	609.875	610.489	601.303	587.435
576.707	576.313	585.967	599.824	609.813	610.239	601.303	587.435
576.226	575.756	585.462	599.482	609.651	610.116	600.799	586.715
576.024	575.476	585.24	599.45	609.701	610.045	600.49	586.504
575.381	574.931	585.183	599.516	609.475	609.715	600.126	585.97
574.999	574.819	584.918	599.158	609.054	609.324	599.687	585.398
575.231	574.39	584.365	598.429	608.649	609.09	599.688	585.762
575.037	574.386	584.268	598.279	608.571	609.054	599.585	585.555
574.671	574.097	583.801	597.808	607.943	608.65	599.319	585.166
575.058	573.972	583.716	597.857	607.907	608.487	598.966	585.311
574.38	573.924	583.55	597.336	607.2	607.631	598.566	584.765
573.973	573.356	582.913	596.825	606.94	607.421	598.32	584.512
573.605	573.269	583.006	596.988	606.764	606.957	597.61	583.82
573.493	573.041	582.888	596.741	606.523	606.72	597.302	583.677
573.488	573.408	583.037	596.442	605.853	606.227	597.119	583.491
573.267	573.16	582.763	596.323	606.072	606.21	596.682	583.045
572.787	572.745	582.388	595.772	605.427	605.726	596.596	582.933
572.584	572.386	582.014	595.474	605.004	605.683	596.581	582.722
572.53	572.026	581.684	595.611	605.278	605.521	596.382	582.651
572.188	571.856	581.384	594.942	604.597	604.945	595.817	582.266
572.091	571.733	581.404	594.946	604.506	604.808	595.516	582.069
572.094	572.065	581.701	594.863	604.604	604.764	595.379	581.89
571.983	571.831	581.52	594.805	604.295	604.654	595.388	581.892
571.983	571.637	581.26	594.756	604.076	604.24	595.098	581.892
570.831	570.955	580.961	594.783	604.055	603.972	594.41	580.74
570.556	570.63	580.649	594.4	603.888	603.678	594.084	580.451
570.74	570.616	580.487	594.231	603.721	603.771	594.137	580.485
570.347	570.332	580.382	594.472	604.274	603.959	594.314	580.465
570.021	570.329	580.267	593.969	603.594	603.543	593.99	579.963
570.021	570.329	580.267	594.193	603.871	603.494	593.824	579.883
569.501	569.709	579.966	593.962	603.444	603.286	593.477	579.408
569.409	569.695	579.927	593.892	603.258	603.018	593.4	579.32
569.446	569.452	579.485	593.478	603.277	603.069	593.4	579.491
568.743	568.846	579.282	593.297	602.984	602.912	592.886	578.801
569.327	569.426	579.282	593.484	602.933	602.656	592.841	578.838
568.692	569.551	579.984	593.406	602.704	602.499	592.673	578.534
568.413	569.048	579.246	593.057	602.121	601.858	592.011	578.014
567.999	568.557	578.76	592.751	602.713	602.452	592.316	577.792
567.634	567.914	578.278	592.11	601.34	601.574	591.956	577.745
567.092	567.095	577.272	591.397	601.132	601.036	591.324	577.186
566.87	566.836	576.974	591.039	600.827	600.949	591.266	577.068
566.636	566.586	576.698	590.841	600.7	600.803	591.06	576.887
566.471	566.427	576.55	590.664	600.541	600.751	590.999	576.816
566.261	565.905	575.951	590.332	600.534	601.025	591.303	576.834
566.12	565.9	575.983	590.09	600.303	600.699	591.018	576.526
565.683	565.194	575.208	589.408	599.776	600.284	590.735	576.295
565.472	564.931	575.121	589.391	599.741	600.198	590.673	576.202
565.335	564.872	574.807	589.025	599.502	600.043	590.368	576.034
565.231	564.535	574.461	589.022	599.501	600.011	590.599	576.138
565.298	564.601	574.427	588.716	599.19	599.888	590.434	576.148
565.181	564.372	574.205	588.43	598.794	599.662	590.571	576.359
564.991	564.189	573.893	588.106	598.467	599.463	590.468	576.13
564.912	564.23	573.982	588.106	598.477	599.353	590.32	576.046
564.819	563.885	573.593	587.927	598.471	599.426	590.012	575.678
564.164	563.408	573.105	587.256	597.891	598.689	589.565	575.298
563.967	562.993	572.633	587.07	597.679	598.678	589.447	575.075
563.868	562.854	572.548	587.001	597.727	598.696	589.374	574.96
563.86	562.767	572.472	586.921	597.671	598.75	589.545	574.96
563.9	562.661	572.37	587.038	597.92	598.884	589.658	575.111
563.791	562.643	572.272	586.88	597.967	598.963	589.851	575.334
563.058	561.996	571.911	586.561	597.664	599.131	589.685	574.592
562.615	561.692	571.613	586.521	597.542	598.743	589.351	574.435
562.722	561.513	571.566	586.333	597.311	598.394	589.056	574.202
562.56	561.513	571.267	585.887	596.764	597.794	588.308	573.823
562.498	561.407	571.155	585.713	596.71	597.856	588.273	573.821
562.191	561.11	571.197	585.779	596.574	598.016	588.589	573.656
562.218	560.862	570.627	585.195	596.002	597.174	587.927	573.466
561.781	560.414	570.12	584.807	595.864	597.204	587.906	573.424
561.704	560.298	569.964	584.812	596.069	597.205	588.337	573.623
562.034	560.531	569.717	584.207	595.335	596.899	587.949	573.371
561.783	559.997	569.319	583.96	595.229	596.925	587.933	573.464
561.882	560.068	569.419	583.777	595.1	596.822	587.933	573.464
562.017	559.871	569.136	583.597	595.202	596.978	587.859	573.709
561.441	559.896	569.232	583.835	594.893	596.487	587.646	573.23
561.296	559.661	569.178	583.678	594.645	596.48	587.643	573.01
561.062	559.488	568.814	583.478	594.901	596.395	587.494	572.906
561.033	559.714	569.184	583.519	594.334	596.038	587.31	572.848
561.237	559.714	569.184	583.519	594.532	596.154	587.154	572.841
561.196	559.63	568.688	583.299	594.417	595.953	587.107	572.769
561.161	559.358	568.753	583.179	594.271	595.828	587.186	572.8
560.864	558.992	568.311	582.938	594.093	595.67	586.745	572.466
560.799	558.886	568.007	582.897	594.492	596.015	586.936	572.407
560.186	558.211	567.663	582.732	594.18	595.751	586.684	572.085
560.253	558.151	567.413	582.488	594.33	595.997	587.093	572.38
560.253	557.948	567.109	582.132	593.772	595.729	587.206	572.393
559.832	557.889	567.09	581.936	593.733	595.698	586.781	572.033
559.602	557.457	567.083	582.168	593.676	595.499	586.434	571.739
559.525	557.527	567.018	582.145	593.601	595.296	586.224	571.463
559.189	557.205	566.772	581.596	593.193	595.067	586.108	571.191
559.116	557.164	566.987	581.948	593.148	594.835	585.794	571.014
559.021	557.232	566.576	581.493	592.938	594.65	585.725	570.979
558.817	557.289	567.003	581.973	593.122	594.456	585.364	570.651
558.896	557.516	566.935	581.623	593.009	594.405	585.138	570.549
558.902	557.544	567.049	581.832	593.018	594.131	585.138	570.61
559.742	557.742	567.032	581.301	592.277	593.673	584.89	571.038
558.936	557.337	566.747	581.093	592.14	593.579	584.73	570.415
559.002	557.438	566.982	581.329	592.082	593.518	584.689	570.348
558.85	557.164	566.441	580.79	591.771	593.42	584.604	570.359
558.752	557.005	566.09	580.571	591.722	593.176	584.55	570.302
558.915	557.116	565.959	580.219	591.455	593.238	584.504	570.244
558.616	557.005	566.062	580.416	591.252	592.925	584.406	570.268
558.597	556.692	565.829	580.144	591.341	592.948	584.207	569.998
558.43	556.47	565.563	579.862	591.268	593.343	584.595	569.968
558.256	556.312	565.407	579.751	590.764	592.541	584.003	569.809
558.169	556.069	565.202	579.598	590.822	592.593	583.96	569.916
558.047	556.157	565.213	579.61	590.726	592.391	583.96	569.83
558.126	556.031	565.098	579.554	590.754	592.303	583.712	569.721
557.783	556.084	565.17	579.588	590.571	592.168	583.493	569.315
557.783	556.084	565.081	579.265	590.421	592.1	583.563	569.383
557.837	555.967	564.946	579.063	590.355	592.076	583.615	569.32
557.818	555.967	564.805	578.939	589.836	591.869	583.579	569.379
557.827	555.967	564.722	578.805	589.811	591.869	583.579	569.43
557.671	555.737	564.658	578.797	590.277	592.062	583.44	569.333
557.57	555.585	564.547	578.743	589.995	591.845	583.266	569.128
557.506	555.502	564.295	578.683	589.893	591.54	583.241	569.158
557.533	555.565	564.223	578.478	589.697	591.425	583.116	569.041
557.426	555.524	564.41	578.478	589.697	591.425	582.979	568.81
557.409	555.548	564.41	578.324	589.389	591.279	582.894	568.881
557.276	555.377	564.171	578.305	589.59	591.455	583.247	569.087
557.199	555.095	563.983	578.26	589.551	591.335	582.832	568.867
557.009	554.891	563.717	578.131	589.584	591.4	582.866	568.684
556.863	555.038	563.893	577.865	588.982	590.841	582.459	568.45
556.84	554.701	563.6	577.75	588.799	590.818	582.508	568.469
556.674	554.585	563.616	577.633	588.771	590.857	582.479	568.43
556.499	554.585	563.616	577.554	588.595	590.87	582.424	568.062
556.164	554.25	563.088	577.149	588.447	590.425	581.986	567.886
556.075	554.068	562.765	576.875	588.015	590.029	581.766	567.697
556.075	554.088	563	577.148	588.383	590.118	581.77	567.711
555.955	554.127	563	576.991	588.024	590.215	581.961	567.716
555.889	553.815	562.643	576.897	588.076	590.026	581.625	567.538
555.7	553.724	562.403	576.656	588.161	590.041	581.339	567.177
555.746	553.409	562.211	576.646	588.161	590.041	581.638	567.507
555.373	553.139	561.739	575.966	587.383	589.702	581.478	567.264
555.518	553.35	561.819	576.018	587.519	589.69	581.477	567.298
555.258	553.269	561.99	576.022	587.385	589.633	581.371	567.046
555.258	553.017	561.75	576.068	587.522	589.517	581.204	567.078
555.258	553.017	561.6	576.044	587.472	589.635	581.248	567.001
555.165	552.752	561.34	575.758	587.258	589.542	581.252	566.919
554.743	552.522	561.451	575.72	587.205	589.462	581.176	566.793
554.871	552.18	561.018	575.576	587.133	589.408	581.176	566.941
554.873	552.425	561.332	575.636	587.042	589.408	581.284	567.107
554.871	552.423	561.31	575.572	586.97	589.264	581.028	566.941
554.847	552.489	561.293	575.457	587.056	589.309	581.194	566.923
554.96	552.477	561.275	575.516	587.166	589.473	581.078	566.806
554.689	552.23	560.853	575.206	587.004	589.36	581.175	566.941
554.689	552.014	560.787	575.119	586.756	589.214	580.984	566.941
554.674	552.029	560.53	574.894	586.664	589.047	580.718	566.615
554.235	551.687	560.386	575.027	586.629	588.984	580.578	566.379
554.173	551.638	560.392	574.906	586.648	589.033	580.589	566.26
554.223	551.621	560.426	574.951	586.647	588.937	580.746	566.478
553.839	551.381	560.302	574.942	586.596	589.014	580.549	566.149
553.839	551.371	560.082	574.653	586.516	589.023	580.602	566.149
553.998	551.485	560.162	574.688	586.53	588.932	580.466	566.02
553.877	551.376	560.383	574.944	586.53	588.932	580.403	566.03
553.829	551.544	560.421	574.93	586.579	588.714	580.858	566.439
553.811	551.544	560.421	574.93	586.579	588.714	580.858	566.439
553.717	551.31	559.964	574.51	586.214	588.449	580.399	566.075
553.754	551.167	559.966	574.489	586.049	588.366	580.273	565.833
553.752	551.307	559.879	574.323	585.953	588.332	580.159	565.772
553.547	551.054	559.847	574.227	585.953	588.243	580.094	565.753
553.505	551.054	559.847	574.179	585.879	588.287	580.004	565.658
553.507	551.054	559.847	574.305	586.017	588.48	580.004	565.762
553.585	550.968	559.723	574.305	586.017	588.48	580.183	565.921
553.585	550.968	559.723	574.332	586.282	588.409	580.119	565.921
553.228	550.65	559.368	573.995	586.007	588.481	579.919	565.44
552.964	550.462	559.302	573.923	585.994	588.481	579.919	565.304
552.956	550.622	559.625	574.087	586.052	588.381	579.833	565.268
552.899	550.472	559.171	573.749	585.545	588.3	580.132	565.424
552.858	550.302	559.171	573.958	585.641	588.307	580.144	565.392
552.839	550.228	559.254	573.958	585.711	588.365	579.89	565.261
552.82	550.228	558.979	573.79	585.773	588.365	580.061	565.328
552.653	550.022	558.966	573.79	585.809	588.292	580.17	565.447
552.644	550.022	558.91	573.799	585.754	588.442	580.301	565.64
552.599	550.022	558.91	573.799	585.754	588.168	579.816	565.167
552.572	549.668	558.719	573.799	585.754	588.225	579.928	565.268
552.331	549.404	558.13	573.075	585.233	588.022	579.758	565.123
552.356	549.704	558.529	573.186	585.493	588.184	579.793	564.939
552.442	549.868	558.599	573.186	585.378	588.074	579.837	565.1
552.374	549.771	558.78	573.415	585.378	588.074	579.837	565.1
552.445	549.771	558.78	573.415	585.033	587.726	579.682	565.1
552.507	549.67	558.246	573.002	585.033	587.655	579.442	564.776
552.694	549.727	558.169	572.828	585.048	587.717	580.036	565.66
552.476	549.727	558.169	572.828	584.971	587.655	579.437	564.926
552.341	549.491	558.099	572.816	584.921	587.577	579.458	565.014
553.19	549.708	557.745	572.323	584.619	587.572	579.521	565.56
552.681	549.394	557.464	572.317	584.769	587.558	579.488	565.117
552.681	549.394	557.612	572.317	584.769	587.558	579.51	565.205
552.347	548.911	557.483	572.255	584.573	587.334	579.57	565.242
552.347	549.055	557.411	572.013	584.39	587.434	579.57	565.242
552.077	548.92	557.411	572.107	584.39	587.434	579.415	564.885
552.241	549.231	557.411	572.079	584.306	587.484	579.626	564.885
552.241	549.231	557.375	571.898	584.201	587.44	579.654	564.911
552.144	548.709	557.122	571.898	584.169	587.283	579.607	564.947
551.988	548.647	557.099	571.851	584.169	587.283	579.607	564.947
551.993	548.6	556.888	571.834	584.41	587.332	579.613	564.941
551.955	548.823	557.106	571.651	584.074	587.229	579.446	564.843
552.054	548.512	556.983	571.895	584.402	587.272	579.434	564.928
551.973	548.57	556.948	571.745	584.297	587.353	579.363	564.961
551.909	548.582	556.82	571.476	583.714	586.876	579.342	564.961
551.893	548.62	556.802	571.36	583.822	586.748	578.982	564.611
551.893	548.953	557.664	572.025	583.752	586.81	578.982	564.611
551.663	548.641	556.807	571.46	583.601	586.614	578.759	564.35
551.482	548.315	556.615	571.388	583.613	586.568	578.624	564.232
551.441	548.315	556.813	571.388	583.613	586.652	578.566	564.021
551.294	548.092	556.582	571.328	583.602	586.569	578.472	564.055
551.287	547.931	556.534	571.455	583.689	586.932	578.91	564.047
551.287	547.945	556.538	571.455	583.714	586.932	578.91	564.011
551.252	548.112	556.461	571.455	583.714	586.698	578.739	564.102
551.092	547.869	556.765	571.709	583.736	586.514	578.742	564.215
551.253	547.869	556.374	570.952	583.228	586.512	578.606	564.116
551.253	547.803	556.172	570.88	583.235	586.543	578.82	564.046
551.009	547.803	556.129	571.029	583.371	586.485	578.82	564.046
550.963	547.539	555.986	571.029	583.371	586.537	578.597	563.981
550.834	547.476	555.928	570.865	583.177	586.275	578.603	563.989
550.668	547.344	555.945	570.876	583.213	586.25	578.447	563.725
550.785	547.312	555.717	570.45	582.834	586.108	578.394	563.715
550.367	547.157	555.632	570.67	583.035	586.154	578.497	563.748
550.739	547.1	555.378	570.162	582.551	585.797	577.957	563.653
550.606	547.119	555.381	570.277	582.64	585.97	578.054	563.493
550.57	547.005	555.357	570.26	582.673	585.97	578.097	563.471
550.25	547.036	555.418	570.124	582.583	585.846	578.097	563.329
550.301	547.036	555.418	570.057	582.646	585.85	577.781	563.244
550.301	547.036	555.418	570.373	582.734	585.914	577.921	563.197
550.186	546.915	555.14	569.98	582.697	585.914	577.785	563.106
550.084	546.738	555.055	569.81	582.357	585.593	577.579	562.912
550.084	546.874	555.415	570.061	582.361	585.414	577.429	562.914
549.889	546.556	555.135	570.087	582.548	585.561	577.419	562.739
549.889	546.556	554.874	569.968	582.653	585.629	577.453	562.741
549.889	546.566	555.083	569.904	582.336	585.308	577.489	562.789
549.925	546.464	555.05	569.939	582.451	585.531	577.527	562.906
549.925	546.432	554.931	569.86	582.239	585.386	577.527	562.906
549.87	546.488	554.972	569.923	582.527	585.49	577.641	562.839
549.522	546.399	554.905	569.923	582.462	585.522	577.482	562.583
549.522	546.399	554.905	570.069	582.799	585.621	577.482	562.583
549.62	546.399	554.905	570.068	582.804	585.629	577.372	562.637
549.62	546.212	555.094	570.368	582.67	585.432	577.31	562.637
549.175	545.797	554.527	569.74	582.29	585.442	577.249	562.237
549.191	545.932	554.719	569.74	582.279	585.479	577.472	562.407
549.336	545.61	554.31	569.54	582.205	585.341	577.327	562.604
549.242	545.735	554.409	569.515	582.154	585.414	577.365	562.331
549.242	545.735	554.409	569.515	582.205	585.518	577.365	562.331
549.157	545.766	554.312	569.515	582.209	585.356	577.225	562.382
548.985	545.766	554.344	569.653	582.216	585.463	577.531	562.341
548.908	545.411	553.882	569.007	581.974	585.263	577.337	562.259
548.978	545.388	553.888	569.14	582.102	585.286	577.251	562.27
548.978	545.388	553.875	569.152	582.084	585.314	577.251	562.27
548.982	545.388	553.952	569.084	582.114	585.299	577.074	562.236
549.024	545.307	553.786	569.061	582.047	585.264	577.291	562.527
549.024	545.322	553.771	569.098	582.046	585.293	577.291	562.527
549.024	545.188	553.908	569.146	582.172	585.417	577.334	562.527
548.837	545.329	553.908	569.146	582.172	585.414	577.334	562.05
548.784	545.473	553.825	569.018	582.172	585.414	577.226	561.907
548.556	545.064	553.465	569.038	582.132	585.272	577.13	561.948
548.62	545.064	553.465	568.994	582.115	585.232	577.113	562.188
548.318	544.791	553.288	568.994	582.115	585.232	577.117	562.013
548.473	544.894	553.389	568.804	581.947	585.562	577.373	561.732
548.858	544.934	553.313	568.789	581.969	585.249	577.221	562.213
548.417	544.772	553.195	568.782	581.868	585.199	577.217	561.964
548.416	544.772	553.302	568.595	581.639	585.199	577.049	561.853
548.526	544.728	553.169	568.493	581.787	585.255	576.933	561.799
548.393	544.86	553.284	568.46	581.472	584.853	576.953	561.885
548.397	544.951	553.284	568.453	581.493	584.89	577.063	562
548.437	544.899	553.231	568.596	581.566	584.816	577.063	562
548.617	544.771	553.294	568.515	581.544	584.805	577.063	562.042
548.32	544.771	553.119	568.432	581.372	584.662	576.527	561.63
548.26	544.982	553.496	568.432	581.325	584.504	576.608	561.647
548.268	545.094	553.865	568.728	581.301	584.541	576.505	561.447
548.392	544.759	553.283	568.373	581.259	584.426	576.43	561.56
548.392	544.834	553.364	568.527	581.259	584.587	576.642	561.619
548.348	544.945	553.364	568.527	581.259	584.587	576.642	561.661
548.348	544.568	553.364	568.527	581.016	584.344	576.358	561.661
548.275	544.581	552.959	568.1	580.883	584.11	576.25	561.498
548.329	544.674	553.007	568.007	580.813	584.122	576.145	561.54
548.329	544.728	552.951	567.956	580.891	584.103	576.294	561.54
548.329	544.756	552.921	567.956	580.891	584.103	576.151	561.54
548.165	544.689	553.089	567.956	580.891	584.103	576.147	561.488
548.095	544.557	552.909	567.984	580.624	584.01	576.115	561.401
548.33	544.869	553.469	568.218	580.554	583.915	576.024	561.401
548.554	544.735	552.942	567.866	580.595	583.958	576.024	561.525
548.156	544.794	553.073	567.771	580.655	583.936	576.024	561.379
548.156	544.431	552.624	567.703	580.641	583.915	576.032	561.235
548.193	544.634	552.74	567.708	580.641	584.02	575.998	561.226
548.597	544.642	552.811	567.708	580.641	583.905	575.998	561.653
548.597	544.642	552.757	567.708	580.641	583.905	576.091	561.653
548.408	544.642	552.782	567.68	580.513	583.791	576.027	561.488
548.216	544.69	552.782	567.733	580.513	583.791	576.027	561.474
548.216	544.69	552.887	568.019	580.52	583.819	575.991	561.474
547.939	544.422	552.887	568.019	580.52	583.819	575.991	561.334
548.411	544.422	552.691	567.942	580.554	583.782	575.946	561.495
547.922	544.262	552.652	567.641	580.362	583.6	575.946	561.334
548.057	544.185	552.605	567.509	580.188	583.53	575.683	561.252
547.809	544.23	552.633	567.509	580.278	583.579	575.708	560.954
547.941	544.23	552.633	567.452	580.121	583.459	575.799	560.992
547.841	544.23	552.633	567.642	580.379	583.543	575.799	561.004
547.852	544.225	552.451	567.173	579.947	583.459	575.799	561.088
547.852	544.225	552.451	567.208	580.092	583.424	575.568	560.988
547.797	544.14	552.432	567.249	579.9	583.343	575.463	560.809
547.797	544.13	552.474	567.271	579.901	583.361	575.485	560.805
547.797	544.295	552.474	567.325	579.871	583.333	575.667	561.042
547.881	544.387	552.696	567.536	579.871	583.474	575.8	560.957
547.881	544.387	552.38	567.325	579.906	583.198	575.463	560.957
547.889	544.387	552.38	567.177	579.835	583.227	575.452	560.957
547.87	544.318	552.563	567.315	579.618	583.074	575.597	561.046
547.87	544.318	552.379	567.169	579.932	583.165	575.597	561.046
547.87	544.414	552.839	567.391	579.767	583.106	575.435	560.769
547.67	544.162	552.301	567.019	579.767	583.055	575.254	560.818
547.68	543.999	552.211	567.269	579.876	582.942	575.196	560.718
547.465	543.996	552.211	567.258	580.009	583.103	575.104	560.437
547.465	544.04	552.211	567.122	579.847	583.035	575.102	560.499
547.755	544.074	552.186	567.114	579.88	583.078	575.152	560.623
547.755	544.074	552.156	567.156	579.88	583.078	575.149	560.636
547.452	543.623	552.156	567.27	579.847	583.241	575.251	560.636
547.211	543.677	552.156	567.27	579.847	583.241	575.258	560.434
547.104	543.677	552.202	567.302	579.871	583.314	575.255	560.266
547.141	543.852	552.168	566.937	579.7	583.239	575.439	560.41
547.66	543.873	552.168	567.213	579.782	583.059	575.153	560.611
547.66	543.873	552.165	567.122	579.716	583.134	575.44	560.612
547.575	543.863	552.033	567.007	579.933	583.122	575.224	560.482
547.575	543.863	552.033	567.007	579.933	583.122	575.141	560.482
547.575	543.863	552.033	567.016	579.933	583.114	575.205	560.482
547.076	543.56	552.113	567.016	579.933	583.114	575.233	560.43
547.164	543.767	552.243	567.016	579.933	583.114	575.233	560.43
547.164	543.767	552.243	567.001	579.5	582.928	575.233	560.43
547.164	543.767	552.243	567.001	579.605	582.892	574.892	560.113
547.234	543.822	552.243	567.001	579.644	582.918	574.99	560.26
547.075	543.479	551.917	567.063	579.767	582.918	575.107	560.26
546.953	543.562	551.855	566.892	579.545	582.868	575.107	560.173
546.982	543.562	551.851	566.892	579.545	582.871	574.899	560.169
546.982	543.562	551.817	566.892	579.545	582.938	575.121	560.214
546.953	543.562	551.735	566.762	579.696	583.124	575.121	560.214
546.857	543.252	551.699	566.693	579.696	583.124	574.958	560.03
546.857	543.243	551.708	566.966	579.596	582.788	574.823	559.978
547.004	543.268	551.708	566.966	579.596	582.736	574.69	560.085
547.004	543.268	551.708	566.966	579.694	582.811	574.707	560.085
547.004	543.268	551.707	566.756	579.482	582.811	574.707	560.085
547.004	543.268	551.707	566.756	579.491	582.871	574.799	560.085
546.51	543.135	551.556	566.851	579.52	582.753	574.856	559.864
546.69	543.14	551.739	566.686	579.537	582.773	574.856	559.914
546.69	543.14	551.739	566.705	579.463	582.751	574.843	559.914
546.557	542.955	551.429	566.705	579.5	582.681	574.693	559.857
546.302	542.87	551.603	566.848	579.544	582.729	574.645	559.683
546.499	542.999	551.599	566.848	579.429	582.626	574.742	559.697
546.472	542.969	551.423	566.49	579.405	582.954	574.854	559.835
546.529	542.953	551.423	566.464	579.405	582.954	574.854	559.827
546.555	542.953	551.423	566.461	579.332	582.862	574.765	559.827
546.735	542.953	551.241	566.461	579.428	582.726	574.617	559.951
546.735	542.855	551.138	566.065	578.984	582.451	574.657	559.951
546.735	542.855	551.138	566.407	579.171	582.451	574.657	559.951
546.615	542.869	551.178	566.407	579.214	582.549	574.582	559.808
546.615	542.987	551.211	566.407	579.214	582.549	574.582	559.808
546.629	542.99	551.316	566.407	579.214	582.549	574.464	559.658
546.717	542.987	551.316	566.407	579.165	582.462	574.564	559.743
546.759	542.993	551.316	566.407	579.165	582.634	574.69	559.782
546.759	542.993	551.316	566.407	579.165	582.634	574.69	559.782
546.561	542.987	551.316	566.407	579.165	582.552	574.744	559.943
546.561	542.918	551.316	566.142	579.058	582.552	574.744	559.798
546.559	542.917	551.166	566.188	579.048	582.509	574.751	559.951
546.557	542.917	551.166	566.38	579.217	582.615	574.824	559.892
546.497	542.917	551.166	566.38	579.217	582.615	574.824	559.986
546.497	542.917	551.166	566.38	579.217	582.723	574.824	559.986
546.623	542.764	551.166	566.38	579.217	582.438	574.665	560.03
546.623	542.701	550.749	565.959	579.023	582.538	574.607	560.03
546.623	542.701	550.83	566.072	578.935	582.436	574.692	560.03
546.454	542.701	550.83	566.072	578.919	582.407	574.639	560.026
546.454	542.423	550.83	566.072	578.942	582.344	574.639	560.026
546.421	542.5	551.103	566.494	579.195	582.536	574.882	560.153
546.421	542.5	550.747	565.985	578.915	582.461	575.065	560.153
546.421	542.402	550.779	565.985	578.915	582.461	575.065	560.153
546.421	542.402	550.779	565.985	578.915	582.55	575.065	560.153
546.421	542.368	550.947	566.022	578.878	582.654	575.083	560.153
546.421	542.362	550.947	566.022	578.878	582.654	575.083	560.153
546.421	542.362	550.602	565.875	578.957	582.434	574.836	560.153
546.337	542.362	550.602	565.875	578.822	582.431	574.834	559.797
546.148	542.195	550.61	565.856	578.816	582.431	574.834	559.797
546.148	542.193	550.612	565.856	578.717	582.431	574.607	559.79
546.18	542.473	550.952	565.868	578.665	582.264	574.607	559.79
546.18	542.473	550.952	565.868	578.663	582.224	574.555	559.792
546.18	542.473	550.715	565.754	578.755	582.222	574.555	559.792
546.201	542.473	550.715	565.751	578.504	582.167	574.467	559.71
546.401	542.38	550.863	566.209	578.895	582.167	574.613	559.738
546.401	542.413	550.715	565.751	578.502	582.281	574.646	559.634
546.401	542.413	550.715	565.774	578.666	582.281	574.646	559.634
546.401	542.646	550.785	565.774	578.666	582.205	574.573	559.634
546.401	542.646	550.785	565.688	578.609	582.205	574.573	559.634
546.107	542.646	550.785	565.684	578.609	582.205	574.573	559.624
546.102	542.646	550.785	565.684	578.609	582.205	574.573	559.706
546.057	542.646	550.785	565.684	578.488	582.113	574.573	559.706
546.304	542.646	550.785	565.684	578.571	582.127	574.42	559.706
546.066	542.646	550.785	565.642	578.602	582.171	574.42	559.706
546.066	542.134	550.445	565.642	578.462	582.086	574.511	559.554
546.066	542.14	550.352	565.675	578.556	582.204	574.622	559.52
546.066	542.141	550.375	565.574	578.509	582.204	574.622	559.52
546.212	542.197	550.385	565.547	578.416	582.122	574.253	559.591
546.212	542.216	550.385	565.547	578.418	582.057	574.42	559.686
546.446	542.413	550.385	565.377	578.449	582.057	574.42	559.907
546.446	542.4	550.385	565.377	578.449	582.057	574.42	559.907
546.446	542.4	550.409	565.518	578.449	582.057	574.42	559.907
546.446	542.4	550.409	565.518	578.449	581.925	574.317	559.808
546.446	542.367	550.409	565.518	578.231	581.924	574.297	559.808
546.446	542.464	550.409	565.518	578.554	582.005	574.409	559.808
546.446	542.464	550.409	565.518	578.554	582.005	574.412	559.808
546.648	542.506	550.409	565.518	578.554	582.005	574.253	559.808
546.648	542.506	550.506	565.529	578.554	582.005	574.271	559.7
546.648	542.506	550.506	565.529	578.554	582.005	574.271	559.7
546.648	542.506	550.509	565.612	578.434	581.931	574.22	559.7
546.648	542.506	550.509	565.612	578.249	581.824	574.297	559.7
546.648	542.506	550.718	565.754	578.219	581.655	574.171	559.7
546.226	542.343	550.287	565.265	578.219	581.734	574.156	559.57
546.226	542.343	550.328	565.259	578.307	581.708	574.156	559.606
546.226	542.352	550.238	565.259	578.307	581.708	574.298	559.57
546.218	542.352	550.293	565.259	578.307	581.715	574.298	559.57
546.176	542.199	550.293	565.259	578.307	581.771	574.298	559.614
546.42	542.259	550.293	565.179	578.103	581.771	574.298	559.614
546.42	542.271	550.248	565.179	578.103	581.654	574.298	559.558
546.358	542.502	550.415	565.179	578.173	581.61	574.392	559.664
546.358	542.502	550.415	565.179	578.067	581.542	574.016	559.468
546.339	542.502	550.415	565.33	578.089	581.586	573.993	559.667
546.339	542.398	550.229	565.33	578.089	581.586	574.008	559.667
546.339	542.398	550.229	565.33	578.089	581.586	574.008	559.667
546.201	542.368	550.229	565.33	578.089	581.538	574.194	559.466
546.201	542.368	550.331	565.33	578.089	581.538	574.194	559.466
546.201	542.368	550.331	565.347	577.988	581.347	574.074	559.466
546.246	542.368	550.272	565.347	577.988	581.347	574.074	559.553
546.409	542.368	550.272	565.347	577.988	581.347	574.074	559.645
546.246	542.196	550.272	565.347	577.988	581.221	574.068	559.553
546.246	542.22	550.277	564.86	577.538	581.305	573.942	559.438
546.246	542.22	550.277	564.913	577.497	581.305	573.94	559.497
546.246	542.22	550.277	565.004	577.781	581.192	573.94	559.497
546.393	542.333	550.277	564.913	577.488	581.177	573.94	559.497
546.393	542.333	550.277	564.913	577.476	581.177	573.885	559.381
546.393	542.333	550.277	564.913	577.473	581.341	573.95	559.381
546.042	542.286	550.499	565.046	577.473	581.184	573.913	559.279
546.042	542.286	550.499	565.046	577.478	581.184	573.913	559.279
546.042	542.288	550.33	564.795	577.582	581.174	573.913	559.279
546.042	542.208	550.207	564.833	577.651	581.316	574.114	559.415
546.042	542.226	550.142	564.873	577.755	581.316	574.114	559.415
546.042	542.226	550.499	565.08	577.461	581.316	574.114	559.415
546.05	542.254	550.248	564.716	577.461	581.316	574.114	559.415
546.05	542.254	550.248	564.97	577.461	581.316	574.114	559.415
546.05	542.254	550.248	564.97	577.542	581.38	574.126	559.356
546.05	542.191	550.207	564.97	577.542	581.38	574.126	559.356
546.05	542.191	550.207	564.97	577.542	581.208	574.037	559.398
546.143	542.465	550.207	564.97	577.436	581.133	573.846	559.307
546.143	542.465	550.138	564.737	577.532	581.081	573.766	559.429
546.078	542.29	550.306	564.848	577.532	581.081	573.766	559.429
546.078	542.29	550.306	564.848	577.532	581.185	574.043	559.429
546.078	542.29	550.125	564.693	577.532	581.081	573.766	559.429
546.078	542.29	550.125	564.693	577.469	581.104	573.766	559.429
546.078	542.29	550.037	564.693	577.57	581.342	573.876	559.429
546.078	542.29	549.986	564.693	577.57	581.342	573.876	559.188
546.078	542.29	549.986	564.693	577.57	581.342	573.876	559.199
546.078	542.29	549.986	564.55	577.57	581.342	573.624	559.199
546.078	542.29	549.986	564.55	577.269	580.977	573.587	559.199
546.078	542.29	549.986	564.55	577.28	581.041	573.655	559.178
546.078	542.29	549.986	564.714	577.323	580.977	573.612	559.178
545.96	541.885	549.877	564.714	577.323	580.968	573.612	559.178
545.875	541.832	549.758	564.751	577.457	580.921	573.57	559.178
545.805	541.832	549.803	564.751	577.457	580.924	573.636	559.178
545.992	541.832	549.803	564.751	577.457	581.187	573.899	559.446
545.992	541.768	549.758	564.751	577.457	581.187	573.899	559.446
545.992	541.794	549.758	564.751	577.457	581.064	573.712	559.446
545.992	541.801	549.758	564.751	577.457	581.049	573.712	559.446
545.764	541.875	549.718	564.446	577.263	581.049	573.598	559.009
545.708	541.827	549.699	564.446	577.255	581.008	573.608	559.077
545.826	541.791	549.739	564.496	577.255	581.008	573.598	559.009
545.815	541.791	549.699	564.374	577.165	581.043	573.685	559.05
545.95	541.983	549.699	564.334	577.118	580.817	573.581	559.119
545.999	541.983	549.699	564.334	577.101	580.855	573.452	559.131
545.999	541.983	549.779	564.493	577.09	580.967	573.718	559.234
545.999	541.983	549.736	564.171	576.93	580.967	573.733	559.363
545.999	541.862	549.736	564.189	577.003	580.967	573.627	559.363
546.039	541.847	549.773	564.297	577.003	581	573.897	559.363
546.039	541.847	549.773	564.42	577.331	581.093	574.044	559.381
545.921	541.812	549.773	564.42	577.099	581.093	574.044	559.381
545.865	542.052	549.689	564.42	577.099	580.832	573.684	559.179
546.114	542.052	549.689	564.42	577.099	580.97	573.726	559.247
546.114	542.052	549.689	564.234	577.07	580.875	573.49	559.247
545.865	542.052	549.689	564.234	576.921	580.875	573.611	559.247
545.865	542.052	549.689	564.234	576.921	580.942	573.611	559.226
545.865	542.052	549.59	564.178	576.924	580.875	573.611	559.226
545.865	542.052	549.59	564.178	576.924	580.875	573.688	559.226
545.865	542.052	549.59	564.178	577.262	580.966	573.688	559.226
546.093	541.924	549.447	564.184	577.247	580.867	573.688	559.226
545.97	541.748	549.438	564.184	577.247	580.867	573.688	559.096
545.97	541.748	549.438	564.184	577.247	580.889	573.591	559.29
545.893	541.795	549.469	564.304	577.284	580.974	573.591	559.29
545.893	541.795	549.469	564.304	577.284	580.994	573.486	559.262
545.816	541.795	549.469	564.226	577.168	580.721	573.53	559.22
545.816	541.714	549.357	564.226	577.112	580.872	573.461	559.22
545.843	541.716	549.356	564.167	577.112	580.872	573.443	559.22
545.838	541.716	549.384	564.157	576.953	580.872	573.443	559.22
545.838	541.795	549.384	564.278	576.975	580.872	573.443	559.22
545.852	541.795	549.384	564.278	576.975	580.872	573.443	559.22
545.852	541.795	549.384	564.278	576.975	580.644	573.336	558.892
545.852	541.795	549.384	564.043	576.891	580.644	573.425	558.994
545.873	541.885	549.438	564.043	576.891	580.644	573.425	559.069
545.873	541.885	549.458	564.043	576.891	580.684	573.56	559.069
545.863	541.885	549.458	564.043	576.891	580.684	573.56	559.069
545.863	541.807	549.5	564.043	576.891	580.66	573.258	559.069
545.87	541.807	549.458	564.043	576.941	580.66	573.376	559.055
545.87	541.805	549.376	564.043	576.941	580.813	573.472	559.055
545.876	541.805	549.376	564.043	576.941	580.813	573.472	559.126
545.87	541.805	549.376	564.043	576.941	580.813	573.472	559.092
545.795	541.805	549.432	564.184	576.775	580.617	573.457	559.092
545.795	541.805	549.432	564.184	576.856	580.863	573.41	559.092
545.795	541.805	549.432	564.184	576.856	580.863	573.41	559.092
545.795	541.769	549.432	564.184	576.775	580.744	573.364	559.092
546.217	541.85	549.432	564.184	576.775	580.628	573.349	559.269
546.217	541.85	549.432	564.184	576.775	580.683	573.349	559.269
546.236	541.85	549.432	564.184	576.775	580.683	573.337	559.259
545.892	541.85	549.432	564.184	576.775	580.683	573.337	559.108
545.892	541.85	549.419	563.888	576.779	580.683	573.337	559.108
545.892	541.831	549.711	564.019	576.779	580.683	573.337	559.108
545.892	541.831	549.711	564.019	576.766	580.683	573.481	559.121
545.892	541.831	549.711	564.019	576.766	580.683	573.481	559.121
545.892	541.831	549.711	564.019	576.812	580.661	573.546	559.08
545.912	541.831	549.711	564.019	576.812	580.661	573.546	559.079
545.912	541.831	549.711	564.019	576.812	580.705	573.546	559.079
545.912	541.831	549.711	564.019	576.747	580.604	573.425	559.079
545.912	541.652	549.4	564.053	576.775	580.604	573.425	559.079
545.912	541.652	549.331	564.053	576.784	580.652	573.425	559.079
545.912	541.652	549.331	564.053	576.815	580.652	573.425	559.119
545.912	541.652	549.197	563.88	576.739	580.652	573.251	559.119
545.912	541.652	549.23	563.931	576.739	580.652	573.251	559.119
545.912	541.652	549.25	564.118	576.783	580.652	573.391	559.166
545.626	541.652	549.25	564.118	576.783	580.652	573.391	559.166
545.626	541.449	549.25	564.118	576.783	580.652	573.391	559.166
545.626	541.574	549.25	564.118	576.783	580.652	573.391	559.166
545.626	541.574	549.25	564.118	576.93	580.603	573.391	559.166
545.579	541.439	549.25	564.118	576.93	580.603	573.3	558.982
545.579	541.439	549.25	564.118	576.93	580.665	573.265	558.982
545.488	541.439	549.182	563.989	576.774	580.575	573.426	558.982
545.518	541.439	549.182	563.989	576.774	580.534	573.426	558.982
545.518	541.439	549.182	563.989	576.774	580.534	573.399	558.982
545.518	541.411	549.384	563.989	576.774	580.486	573.395	558.982
545.518	541.411	549.384	563.902	576.647	580.504	573.265	558.982
545.602	541.454	549.384	563.902	576.647	580.504	573.353	559.068
545.602	541.454	549.384	563.902	576.647	580.637	573.353	559.068
545.625	541.563	549.384	563.902	576.599	580.648	573.353	559.068
545.625	541.563	549.217	564.025	576.637	580.648	573.353	559.068
545.715	541.512	549.217	564.025	576.637	580.648	573.353	559.068
545.715	541.539	549.392	564.025	576.637	580.648	573.33	559.108
545.582	541.541	549.318	564.025	576.678	580.711	573.378	559.149
545.582	541.541	549.318	564.025	576.678	580.711	573.378	559.149
545.506	541.541	549.318	564.025	576.678	580.711	573.289	558.927
545.506	541.512	549.217	564.025	576.686	580.711	573.323	558.927
545.506	541.512	549.217	564.025	576.678	580.711	573.323	558.927
545.506	541.275	549.217	564.025	576.689	580.711	573.323	558.927
545.412	541.331	549.217	564.025	576.689	580.615	573.323	558.927
545.412	541.484	549.411	564.025	576.703	580.689	573.323	558.927
545.519	541.484	549.411	564.025	576.703	580.689	573.323	558.927
545.519	541.484	549.411	564.025	576.703	580.689	573.323	558.927
545.519	541.484	549.411	564.025	576.749	580.724	573.323	558.927
545.519	541.484	549.411	564.025	576.749	580.724	573.323	558.927
545.436	541.454	549.315	564.025	576.637	580.501	573.264	558.927
545.436	541.454	549.315	563.77	576.619	580.515	573.264	558.927
545.436	541.454	549.315	563.798	576.619	580.515	573.156	558.735
545.436	541.438	549.35	563.775	576.57	580.518	573.147	558.735
545.436	541.438	549.35	563.775	576.508	580.438	573.098	558.735
545.329	541.438	549.35	563.775	576.508	580.523	573.272	558.735
545.329	541.438	549.35	563.845	576.68	580.523	573.272	558.735
545.214	541.189	549.189	563.845	576.68	580.523	573.272	558.735
545.259	541.189	549.008	563.845	576.68	580.523	573.272	558.707
545.348	541.186	549.008	563.704	576.621	580.523	573.272	558.707
545.465	541.186	549.008	563.798	576.65	580.466	573.14	558.707
545.348	541.18	549.008	563.731	576.82	580.471	572.978	558.629
545.299	541.301	549.008	563.731	576.82	580.471	573.245	558.887
545.299	541.301	549.008	563.731	576.82	580.471	573.245	558.887
545.271	541.303	549.008	563.704	576.54	580.5	573.245	558.887
545.31	541.303	548.95	563.746	576.687	580.5	573.179	558.809
545.31	541.303	548.987	563.746	576.687	580.5	573.292	558.809
545.31	541.275	548.937	563.746	576.562	580.601	573.292	558.858
545.31	541.275	548.943	563.741	576.483	580.601	573.292	558.858
545.31	541.275	548.953	563.919	576.689	580.601	573.292	558.858
545.26	541.234	548.953	563.919	576.689	580.601	573.292	558.858
545.26	541.13	549.011	563.919	576.689	580.601	573.292	558.858
545.26	541.13	549.011	563.919	576.689	580.601	573.292	558.858
545.26	541.156	549.011	563.919	576.799	580.601	573.393	558.858
545.26	541.225	549.115	563.919	576.799	580.601	573.197	558.858
545.26	541.225	549.115	563.899	576.799	580.519	573.182	558.858
545.26	541.23	549.311	563.899	576.799	580.519	573.182	558.858
545.26	541.213	549.073	563.899	576.798	580.519	573.182	558.858
545.26	541.213	549.074	563.899	576.798	580.443	573.182	558.858
545.26	541.213	549.074	563.899	576.69	580.443	573.182	558.858
545.26	541.354	549.347	563.899	576.69	580.443	573.182	558.858
545.26	541.354	549.347	563.773	576.539	580.443	573.182	558.858
545.26	541.354	549.347	563.773	576.569	580.414	573.182	558.858
545.26	541.4	549.309	563.657	576.569	580.414	573.182	558.858
545.02	541.4	549.309	563.686	576.594	580.534	572.967	558.405
545.273	541.439	549.309	563.835	576.594	580.534	572.967	558.394
545.273	541.439	549.309	563.835	576.594	580.534	572.967	558.394
545.273	541.439	549.309	563.99	576.594	580.534	572.967	558.394
545.273	541.439	549.309	564.065	576.658	580.534	572.967	558.403
545.15	541.439	549.309	564.065	576.658	580.534	573.183	558.464
545.107	541.4	549.309	564.065	576.658	580.534	573.183	558.464
545.128	541.4	549.309	564.065	576.735	580.598	573.183	558.464
545.174	541.4	549.309	564.065	576.735	580.598	573.183	558.464
545.174	541.363	549.21	563.692	576.735	580.598	573.183	558.464
545.174	541.363	549.21	563.692	576.735	580.598	572.928	558.541
545.472	541.363	549.21	563.692	576.57	580.228	572.964	558.544
545.472	541.363	549.21	563.692	576.57	580.285	572.966	558.537
545.472	541.363	549.21	563.692	576.569	580.272	572.964	558.537
545.472	541.363	549.21	563.692	576.569	580.272	572.964	558.751
545.472	541.363	549.21	563.692	576.569	580.272	572.964	558.751
545.472	541.363	548.982	563.658	576.569	580.272	572.943	558.751
545.472	541.363	549.183	563.658	576.569	580.219	572.854	558.751
545.472	541.363	549.183	563.658	576.569	580.219	572.854	558.751
545.472	541.396	549.183	563.614	576.569	580.246	573.045	558.751
545.472	541.396	549.183	563.614	576.388	580.246	573.045	558.471
545.472	541.396	549.183	563.614	576.388	580.273	573.045	558.473
545.472	541.396	549.183	563.614	576.418	580.237	573.128	558.521
545.472	541.396	549.183	563.671	576.418	580.235	573.128	558.661
545.472	541.396	549.183	563.675	576.418	580.235	573.128	558.661
545.472	541.262	549.183	563.675	576.418	580.235	572.839	558.661
545.278	541.236	549.183	563.675	576.603	580.212	572.892	558.661
545.278	541.249	549.054	563.675	576.603	580.212	572.892	558.661
545.278	541.249	549.054	563.582	576.603	580.212	572.892	558.661
545.278	541.249	549.054	563.633	576.545	580.171	572.896	558.661
545.278	541.094	548.835	563.633	576.545	580.171	572.896	558.661
545.278	541.094	548.835	563.416	576.351	580.288	572.896	558.661
545.278	541.161	548.835	563.421	576.359	580.288	572.922	558.661
545.278	541.161	548.835	563.449	576.359	580.288	572.922	558.661
545.278	541.161	548.893	563.574	576.416	580.182	572.922	558.661
545.439	541.161	548.987	563.574	576.416	580.182	572.96	558.888
545.439	541.161	548.987	563.573	576.256	580.106	572.96	558.888
545.439	541.208	549.162	563.573	576.267	580.106	572.96	558.888
545.278	541.208	549.162	563.573	576.336	580.07	572.947	558.768
545.187	541.208	549.162	563.598	576.336	580.07	572.826	558.306
545.187	541.208	549.162	563.598	576.304	580.122	572.862	558.306
545.187	541.208	549.162	563.572	576.258	580.122	572.862	558.306
545.224	541.196	549.162	563.572	576.27	580.122	572.862	558.306
545.224	541.196	549.162	563.593	576.191	580.062	572.882	558.393
545.224	541.191	549.261	563.712	576.182	579.945	572.882	558.393
545.224	541.191	549.261	563.725	576.299	579.945	572.882	558.393
545.224	541.191	549.261	563.725	576.299	579.945	572.882	558.393
545.029	541.191	549.261	563.725	576.299	580.059	573.03	558.503
545.709	541.191	549.261	563.725	576.299	580.059	573.126	559.179
545.544	541.191	549.261	563.712	576.368	580.059	573.125	559.065
545.498	541.191	549.261	563.712	576.393	580.076	573.063	558.991
545.498	541.085	548.955	563.7	576.393	580.076	573.063	558.991
545.498	541.249	548.962	563.818	576.393	580.076	573.063	558.991
545.203	541.413	549.105	563.532	576.164	580.076	572.98	558.425
545.203	541.413	549.105	563.532	576.164	580.076	572.71	558.171
545.203	541.413	549.105	563.511	576.338	580.086	572.71	558.171
544.978	541.413	549.105	563.537	576.338	580.086	572.71	558.184
544.996	541.413	549.105	563.537	576.338	580.122	572.71	558.184
544.996	541.413	549.105	563.537	576.338	580.159	572.729	558.184
544.996	541.413	549.105	563.537	576.338	580.159	572.729	558.184
545.086	541.413	549.105	563.537	576.338	580.159	572.729	558.472
545.08	541.413	549.105	563.537	576.338	580.159	572.729	558.472
545.08	541.413	549.105	563.608	576.454	580.002	572.728	558.472
545.08	541.413	549.105	563.608	576.454	579.948	572.728	558.472
545.08	541.18	548.926	563.608	576.454	579.948	572.728	558.472
545.089	541.18	549.164	563.656	576.217	579.948	572.728	558.472
545.089	541.114	549.164	563.656	576.217	579.994	572.728	558.472
545.089	541.114	548.926	563.482	576.217	579.994	572.728	558.472
545.089	541.114	548.926	563.679	576.267	579.994	572.728	558.472
545.059	541.114	548.926	563.679	576.267	579.994	572.728	558.472
545.174	541.114	548.926	563.59	576.185	580.016	572.728	558.472
545.174	541.114	549.001	563.59	576.185	580.016	572.728	558.472
545.174	541.114	549.001	563.59	576.185	580.016	572.721	558.448
545.174	541.19	549.001	563.568	576.338	580.016	572.726	558.448
545.194	541.19	549.001	563.568	576.185	580.016	572.811	558.448
545.194	541.19	549.001	563.568	576.185	580.016	572.811	558.262
545.194	541.188	549.001	563.568	576.175	580.03	572.811	558.262
545.194	541.188	549.001	563.568	576.177	580.03	572.811	558.262
545.194	541.194	549.001	563.568	576.177	580.03	572.811	558.264
545.194	541.194	548.891	563.568	576.177	579.992	572.811	558.374
545.194	541.194	548.891	563.568	576.177	580.041	572.902	558.374
545.194	541.194	548.891	563.568	576.177	580.041	572.902	558.374
545.194	541.194	548.891	563.568	576.177	580.041	572.902	558.345
545.194	541.056	548.963	563.568	576.18	580.041	572.902	558.345
545.194	541.056	548.963	563.568	576.18	580.041	572.902	558.345
545.194	541.056	548.963	563.568	576.18	580.041	572.902	558.345
545.055	541.056	548.963	563.568	576.149	580.004	572.86	558.391
545.037	541.027	548.963	563.568	576.149	580.004	572.86	558.391
545.052	541.144	549.091	563.614	576.149	580.004	572.86	558.391
545.052	541.221	549.091	563.614	576.265	580.004	572.86	558.412
545.048	541.221	549.091	563.472	576.265	580.004	572.86	558.412
545.048	541.221	549.091	563.472	576.265	580.004	572.86	558.412
545.048	541.221	549.091	563.636	576.265	580.004	572.86	558.412
545.037	541.144	549.091	563.636	576.201	580.089	572.944	558.412
545.102	541.144	549.091	563.636	576.201	580.089	572.944	558.412
545.102	541.144	549.091	563.636	576.201	579.864	572.673	558.412
545.102	541.144	549.091	563.676	576.278	579.879	572.673	558.412
545.102	541.144	549.091	563.676	576.278	579.879	572.673	558.412
545.102	541.119	549.032	563.676	576.385	579.879	572.673	558.412
545.102	541.119	549.032	563.676	576.238	579.864	572.673	558.412
545.102	541.119	549.032	563.676	576.243	579.864	572.673	558.412
545.102	541.012	549.032	563.676	576.238	579.917	572.673	558.412
544.965	540.991	549.032	563.676	576.279	579.917	572.673	558.412
544.965	540.991	549.032	563.676	576.303	579.917	572.673	558.412
544.965	540.991	549.032	563.981	576.49	579.917	572.734	558.412
544.965	540.991	549.008	563.981	576.49	580.218	573.06	558.412
544.965	540.991	549.008	563.981	576.49	580.167	573.055	558.412
545.14	540.991	549.008	563.981	576.535	580.167	573.055	558.552
545.14	540.991	549.008	563.981	576.535	580.32	573.055	558.552
545.14	540.991	549.008	563.981	576.535	580.32	573.054	558.552
545.14	540.975	549.008	563.981	576.535	580.32	573.054	558.552
545.14	540.951	549.008	563.981	576.495	580.32	573.054	558.552
545.142	540.951	548.876	563.59	576.495	580.32	573.054	558.688
545.142	540.991	549.071	563.59	576.495	580.32	573.054	558.688
545.142	540.991	549.071	563.615	576.597	580.32	573.054	558.688
545.142	541.014	549.071	563.615	576.597	580.32	573.054	558.688
545.142	541.014	549.071	563.615	576.597	580.32	573.054	558.688
545.142	541.014	549.071	563.617	576.597	580.32	573.054	558.688
545.142	540.986	549.071	563.628	576.597	580.326	573.054	558.688
545.142	540.986	549.071	563.841	576.884	580.326	573.054	558.688
545.142	540.951	549.06	563.841	576.884	580.224	573.054	558.688
545.132	540.951	549.06	563.841	576.884	580.205	573.055	558.597
545.132	540.951	549.06	563.841	576.884	580.205	573.055	558.597
545.132	540.93	549.06	563.841	576.884	580.205	573.094	558.597
545.132	540.93	549.06	563.841	576.884	580.262	573.071	558.597
545.132	540.93	549.06	563.841	576.884	580.262	573.071	558.597
545.132	540.93	549.06	563.628	576.646	580.235	573.061	558.597
545.132	540.93	549.06	563.952	576.646	580.235	573.061	558.597
545.132	540.93	549.06	563.952	576.646	580.235	573.061	558.597
545.132	540.93	549.06	563.952	576.646	580.235	573.061	558.597
545.132	540.93	549.06	563.952	576.646	580.364	573.061	558.597
545.132	540.93	549.06	563.952	576.646	580.364	573.061	558.597
545.132	540.997	549.06	563.952	576.646	580.364	573.061	558.597
545.132	540.997	549.06	563.952	576.646	580.364	573.061	558.597
545.132	540.93	549.06	563.952	576.646	580.364	573.061	558.597
545.132	540.93	549.06	563.952	576.646	580.364	572.77	558.597
545.132	540.93	549.06	563.952	576.646	580.364	572.77	558.597
545.132	540.93	549.06	563.952	576.646	580.364	572.77	558.597
545.132	540.944	549.06	564.043	576.646	580.364	572.77	558.597
545.132	541.023	549.06	564.043	576.646	580.364	572.77	558.597
545.132	541.023	549.06	564.043	576.646	580.334	572.77	558.597
545.132	541.023	549.06	564.043	576.658	580.334	572.77	558.597
545.11	541.023	549.06	564.043	576.583	580.334	572.77	558.597
545.11	541.023	549.06	564.043	576.583	580.334	572.77	558.597
545.11	541.023	549.06	564.043	576.583	580.354	572.77	558.597
545.11	541.023	549.06	564.043	576.583	580.354	572.77	558.597
545.11	541.023	549.06	564.043	576.583	580.354	572.77	558.597
545.11	541.023	549.06	564.043	576.583	580.354	572.77	558.597
545.11	541.023	548.967	564.043	576.583	580.354	572.77	558.597
545.11	540.984	548.967	564.043	576.583	580.354	572.77	558.597
545.11	540.984	549.022	563.995	576.453	580.317	572.77	558.597
545.11	540.984	549.022	563.995	576.453	580.317	572.761	558.177
545.11	540.94	549.022	563.995	576.507	580.317	572.703	558.177
544.883	540.819	548.967	563.891	576.507	580.142	572.543	558.177
544.883	540.979	548.967	563.891	576.513	580.142	572.543	558.177
544.883	540.963	548.967	563.891	576.513	580.142	572.543	558.177
544.914	540.904	548.986	563.985	576.513	580.142	572.555	558.364
544.914	540.904	548.986	563.985	576.513	580.142	572.555	558.364
544.914	540.904	548.986	563.985	576.513	580.133	572.555	558.364
544.914	540.904	548.986	563.985	576.513	580.133	572.555	558.364
544.914	540.903	548.986	563.985	576.463	580.133	572.555	558.364
544.914	540.903	548.986	563.985	576.463	580.133	572.555	558.364
544.914	540.903	548.986	563.985	576.463	580.133	572.555	558.364
544.914	540.903	548.986	563.985	576.463	580.133	572.555	558.364
544.914	540.903	548.986	563.985	576.463	580.133	572.555	558.364
544.914	540.903	548.986	563.985	576.463	580.133	572.555	558.364
544.914	540.903	548.986	563.985	576.463	580.133	572.555	558.364
544.914	540.903	548.986	563.985	576.463	579.865	572.555	558.364
544.939	540.903	548.845	563.975	576.578	579.835	572.734	558.512
544.939	540.903	548.845	563.975	576.578	580.1	572.734	558.512
544.939	540.903	548.845	563.975	576.578	579.835	572.734	558.512
544.939	540.925	548.845	563.975	576.578	579.839	572.734	558.512
544.939	540.925	548.808	563.592	576.444	579.848	572.734	558.512
544.906	540.925	548.808	563.592	576.444	579.848	572.443	558.241
544.906	540.925	548.763	563.592	576.444	579.848	572.523	558.241
544.906	540.925	548.763	563.592	576.444	579.848	572.523	558.241
544.906	540.925	548.763	563.592	576.444	579.848	572.523	558.241
544.906	540.925	548.763	563.592	576.444	579.859	572.523	558.241
544.906	540.925	548.763	563.592	576.444	579.91	572.566	558.241
544.935	540.979	549.099	563.592	576.444	579.991	572.566	558.088
544.935	541.006	549.099	563.659	576.419	579.991	572.566	558.088
544.934	541.067	549.373	563.798	576.419	579.991	572.566	558.088
544.934	541.067	549.373	563.798	576.419	579.991	572.566	558.088
544.934	541.067	549.373	563.798	576.419	579.991	572.539	558.088
544.934	541.067	549.373	563.798	576.419	579.991	572.539	558.088
544.934	541.067	549.373	563.798	576.419	579.991	572.539	558.088
544.934	541.067	549.373	563.798	576.419	579.991	572.567	558.088
544.934	541.067	549.373	563.798	576.419	579.991	572.567	558.088
544.934	541.063	549.184	563.532	576.419	579.991	572.567	558.088
544.934	541.063	549.184	563.532	576.419	579.991	572.567	558.088
544.934	541.063	549.184	563.532	576.419	579.991	572.567	558.088
544.832	541.063	549.184	563.532	576.419	579.991	572.567	558.066
